nom,nb_hab_2010,nb_hab_2012,diff2012_2010
Le Havre,175497,178800,3303
Antibes,74120,77000,2880
Pau,81166,84000,2834
Bourges,66381,69000,2619
Mulhouse,109588,111900,2312
Toulon,164532,166700,2168
Metz,120738,122800,2062
Saint-Malo,46342,48200,1858
Cagnes-sur-Mer,47141,48900,1759
Dieppe,31963,33600,1637
Poitiers,87697,89300,1603
Nice,343304,344900,1596
Dunkerque,92005,93600,1595
Vitrolles,35021,36600,1579
Reims,179992,181500,1508
Angoulême,41613,43100,1487
Mureaux,30859,32300,1441
Saint-Étienne,171260,172700,1440
Cherbourg-Octeville,38433,39800,1367
Maubeuge,31046,32400,1354
Aix-en-Provence,141438,142700,1262
Troyes,60280,61500,1220
Arras,41611,42800,1189
Roubaix,94713,95900,1187
Tarbes,43034,44200,1166
Sotteville-lès-Rouen,28835,30000,1165
Calais,73636,74800,1164
Montluçon,38402,39500,1098
Valence,63405,64500,1095
Charleville-Mézières,49810,50900,1090
Compiègne,40517,41600,1083
Lens,35032,36100,1068
Grenoble,155637,156700,1063
Concarneau,19048,20100,1052
Châtellerault,32459,33500,1041
Sens,24883,25900,1017
Pierrefitte-sur-Seine,27883,28900,1017
Chalon-sur-Saône,44985,46000,1015
Tremblay-en-France,34493,35500,1007
Creil,33601,34600,999
Alençon,26704,27700,996
Biarritz,25306,26300,994
Chaumont,23011,24000,989
Nancy,105421,106400,979
Roquebrune-Cap-Martin,12532,13500,968
Sevran,49832,50800,968
Amiens,133448,134400,952
Limoges,139150,140100,950
Caen,108954,109900,946
Lorient,57204,58100,896
Saint-Maur-des-Fossés,74816,75700,884
Saint-Dizier,25526,26400,874
Le Mans,142626,143500,874
Le Grand-Quevilly,24930,25800,870
Hérouville-Saint-Clair,21434,22300,866
Fréjus,51839,52700,861
Montargis,14649,15500,851
Vallauris,28252,29100,848
Nevers,36762,37600,838
Saint-Jean-de-Luz,12969,13800,831
Angers,147571,148400,829
Arcachon,10975,11800,825
Saint-Quentin,55978,56800,822
Haguenau,34280,35100,820
Saumur,27283,28100,817
Vitry-le-François,13384,14200,816
Châlons-en-Champagne,45299,46100,801
Brest,141303,142100,797
Verdun,18513,19300,787
Déols,7916,8700,784
Mougins,18917,19700,783
Villefranche-sur-Mer,5419,6200,781
Tulle,14923,15700,777
Niort,57325,58100,775
Bandol,8028,8800,772
Dole,24629,25400,771
Stains,33829,34600,771
Saint-Tropez,4532,5300,768
Nogent-sur-Oise,18833,19600,767
Sainte-Maxime,12938,13700,762
Brive-la-Gaillarde,48949,49700,751
Thiers,11250,12000,750
Fontenay-aux-Roses,23351,24100,749
Béziers,70955,71700,745
Soyaux,9561,10300,739
Boulogne-sur-Mer,43070,43800,730
Pennes-Mirabeau,19482,20200,718
Auxerre,36200,36900,700
Besançon,116914,117600,686
Castres,42314,43000,686
Tours,134817,135500,683
Tourcoing,91923,92600,677
Aurillac,27924,28600,676
Marseille,850726,851400,674
Frontignan,22526,23200,674
Sanary-sur-Mer,16429,17100,671
Montigny-le-Bretonneux,33337,34000,663
La Baule-Escoublac,16040,16700,660
Mont-Saint-Aignan,19341,20000,659
Lourdes,14743,15400,657
La Valette-du-Var,20754,21400,646
Autun,14256,14900,644
Saint-Amand-Montrond,10761,11400,639
Guyancourt,27966,28600,634
La Rochelle,75170,75800,630
Gardanne,20474,21100,626
Sedan,18577,19200,623
Gien,14684,15300,616
Le Touquet-Paris-Plage,4495,5100,605
Cluses,17408,18000,592
Versailles,86110,86700,590
Sarcelles,58614,59200,586
Beausoleil,13515,14100,585
Rodez,23917,24500,583
Vienne,29328,29900,572
Épernay,24035,24600,565
Grasse,51036,51600,564
Grigny,26638,27200,562
Rochefort,25140,25700,560
Royan,17946,18500,554
Vierzon,26946,27500,554
Oullins,25152,25700,548
Gif-sur-Yvette,20654,21200,546
Cognac,18557,19100,543
Annonay,16660,17200,540
Vesoul,15761,16300,539
Le Portel,9569,10100,531
Pamiers,15372,15900,528
Guéret,13573,14100,527
Villefontaine,18374,18900,526
Prades,6081,6600,519
Olivet,19583,20100,517
Voiron,19893,20400,507
Chevilly-Larue,18498,19000,502
Hyères,54600,55100,500
Alfortville,44201,44700,499
Saint-Omer,14506,15000,494
Bastia,43008,43500,492
Saintes,26011,26500,489
Anzin,13412,13900,488
Vannes,52515,53000,485
Saint-Claude,11026,11500,474
Élancourt,26829,27300,471
Louviers,17734,18200,466
Hautmont,14239,14700,461
Lisieux,21640,22100,460
Hombourg-Haut,7440,7900,460
Sarreguemines,21540,22000,460
Villers-lès-Nancy,14341,14800,459
Sainte-Foy-lès-Lyon,21742,22200,458
Savigny-sur-Orge,36842,37300,458
Chenôve,14045,14500,455
Saint-Gaudens,11248,11700,452
Oyonnax,22650,23100,450
Mondeville,9450,9900,450
Cavaillon,24951,25400,449
Cosne-Cours-sur-Loire,10653,11100,447
Raismes,12754,13200,446
Fouesnant,9155,9600,445
Lognes,14560,15000,440
Gennevilliers,41364,41800,436
Saint-Fons,16666,17100,434
Vaux-le-Pénil,10866,11300,434
Rognac,11770,12200,430
Épinay-sous-Sénart,12171,12600,429
Vichy,24774,25200,426
Dinard,10579,11000,421
Étaples,11279,11700,421
Bagneux,38080,38500,420
Lons-le-Saunier,17681,18100,419
Saint-Germain-en-Laye,40481,40900,419
Le Creusot,22783,23200,417
Avignon,89683,90100,417
Villeneuve-lès-Avignon,12384,12800,416
Nanterre,89185,89600,415
Issoudun,13090,13500,410
Toul,15693,16100,407
Oloron-Sainte-Marie,10800,11200,400
Guipavas,13403,13800,397
Saint-Raphaël,33603,34000,397
Sables-d'Olonne,14603,15000,397
Ploemeur,17805,18200,395
Uckange,6906,7300,394
Tourlaville,15910,16300,390
Dijon,151212,151600,388
Bron,38717,39100,383
Saint-Lô,18718,19100,382
Givors,19118,19500,382
Villenave-d'Ornon,28420,28800,380
Le Puy-en-Velay,18521,18900,379
Aubière,9621,10000,379
Digne-les-Bains,16922,17300,378
Lattes,15927,16300,373
Romorantin-Lanthenay,17027,17400,373
Voisins-le-Bretonneux,11730,12100,370
Firminy,17133,17500,367
Simiane-Collongue,5435,5800,365
Portet-sur-Garonne,9435,9800,365
Orange,29135,29500,365
Évry,52135,52500,365
Tergnier,14139,14500,361
Lunéville,19740,20100,360
Lingolsheim,16441,16800,359
Bièvres,4643,5000,357
Lillebonne,8944,9300,356
Castillon-la-Bataille,3045,3400,355
Quimper,63550,63900,350
Morez,5154,5500,346
Le Tréport,5255,5600,345
Flers,15356,15700,344
Mers-les-Bains,2960,3300,340
Saint-Laurent-du-Var,29963,30300,337
Sarrebourg,12565,12900,335
Orsay,15966,16300,334
L'Union,11868,12200,332
Mourenx,7068,7400,332
Hem,17369,17700,331
Avion,17271,17600,329
Saint-Just-Saint-Rambert,14172,14500,328
Montceau-les-Mines,19372,19700,328
Saint-Avold,16273,16600,327
Harnes,12373,12700,327
Coudekerque-Branche,22474,22800,326
Talant,11475,11800,325
Montbéliard,25875,26200,325
L'Aigle,7975,8300,325
Le Chesnay,28975,29300,325
Oignies,9877,10200,323
Noyon,13478,13800,322
Fougères,19779,20100,321
Séméac,4679,5000,321
Kingersheim,12779,13100,321
Château-Thierry,14480,14800,320
Val-de-Reuil,13380,13700,320
Libercourt,8580,8900,320
Berre-l'Étang,13582,13900,318
Strasbourg,271782,272100,318
Colombelles,5585,5900,315
Èze,2686,3000,314
Salouël,4186,4500,314
Fourmies,12687,13000,313
La Flèche,15087,15400,313
Puget-sur-Argens,6587,6900,313
Blois,46492,46800,308
Behren-lès-Forbach,8193,8500,307
Vieux-Condé,10494,10800,306
Modane,3495,3800,305
Gentilly,17097,17400,303
Triel-sur-Seine,11598,11900,302
La Motte-Servolex,11101,11400,299
Digoin,8303,8600,297
Verneuil-sur-Avre,6205,6500,295
Fontainebleau,15107,15400,293
Bruay-la-Buissière,23408,23700,292
Enghien-les-Bains,11809,12100,291
Forbach,21510,21800,290
Beauvais,54711,55000,289
Gueugnon,7512,7800,288
Courcouronnes,13812,14100,288
Revin,7214,7500,286
Marly-le-Roi,16614,16900,286
Val-de-Meuse,1918,2200,282
Verrières-le-Buisson,15418,15700,282
Lanester,22219,22500,281
Sucy-en-Brie,25820,26100,280
Bayeux,13222,13500,278
Romilly-sur-Seine,13526,13800,274
Claye-Souilly,11026,11300,274
Saint-Pierre-des-Corps,15227,15500,273
Saint-Martin-Boulogne,11230,11500,270
La Garde,25930,26200,270
Chartres,38931,39200,269
Ecquevilly,3931,4200,269
La Trinité,10332,10600,268
Chambray-lès-Tours,10733,11000,267
Villiers-le-Bel,26736,27000,264
Évreux,50537,50800,263
Saint-Estève,10838,11100,262
Châteaudun,13640,13900,260
Tournefeuille,25340,25600,260
Montigny-lès-Metz,22540,22800,260
Mâcon,34040,34300,260
Wattrelos,41541,41800,259
Cenon,22242,22500,258
Saint-Jean-de-Maurienne,8242,8500,258
Sully-sur-Loire,5443,5700,257
Bollène,13843,14100,257
Aubusson,3844,4100,256
Querqueville,5244,5500,256
Bagnols-sur-Cèze,18245,18500,255
Le Lavandou,5546,5800,254
Ermont,27446,27700,254
Saint-Dié-des-Vosges,21447,21700,253
Luxeuil-les-Bains,7248,7500,252
Lavaur,10148,10400,252
Sartrouville,51150,51400,250
Saint-Mandrier-sur-Mer,5750,6000,250
Beuvrages,6652,6900,248
Carvin,17152,17400,248
Graulhet,11955,12200,245
Sin-le-Noble,16257,16500,243
Saint-Loup-sur-Semouse,3460,3700,240
Gradignan,23063,23300,237
Ludres,6463,6700,237
Maromme,11363,11600,237
Auriol,11764,12000,236
Tonneins,8965,9200,235
Bonsecours,6567,6800,233
Noirmoutier-en-l'Île,4567,4800,233
Miramas,25368,25600,232
Le Pont-de-Claix,11268,11500,232
Jacob-Bellecombette,3968,4200,232
Ozoir-la-Ferrière,20268,20500,232
Privas,8369,8600,231
Rivesaltes,8169,8400,231
Castelsarrasin,12770,13000,230
Hesdin,2272,2500,228
Guise,5173,5400,227
Ollioules,12774,13000,226
Valbonne,12275,12500,225
Brunoy,25377,25600,223
Verneuil-sur-Seine,15178,15400,222
Belfort,50078,50300,222
Guingamp,7280,7500,220
Ventabren,4581,4800,219
Saint-Saulve,10983,11200,217
Nogent-le-Rotrou,10884,11100,216
Avon,13984,14200,216
Drap,4385,4600,215
Laon,25986,26200,214
Mons-en-Barœul,21887,22100,213
Péronne,7887,8100,213
Bort-les-Orgues,2988,3200,212
Moulins,19590,19800,210
Ham,4991,5200,209
Draguignan,36391,36600,209
L'Île-d'Yeu,4591,4800,209
Draveil,28491,28700,209
Bobigny,47492,47700,208
Athis-Mons,30393,30600,207
Chinon,7894,8100,206
Montmorency,21194,21400,206
Bessancourt,6994,7200,206
Fumay,3697,3900,203
La Rochefoucauld,2997,3200,203
Biscarrosse,12197,12400,203
Douai,42197,42400,203
Saint-Juéry,6797,7000,203
Vire,11999,12200,201
Loison-sous-Lens,5299,5500,201
Le Castellet,4099,4300,201
Varennes-sur-Allier,3600,3800,200
Saint-Cyr-l'École,17401,17600,199
Blaye,4802,5000,198
Saint-Barthélemy-d'Anjou,8702,8900,198
Manosque,22105,22300,195
Megève,3705,3900,195
Viroflay,15905,16100,195
Villemomble,28006,28200,194
Tourrettes-sur-Loup,4007,4200,193
Ligny-en-Barrois,4307,4500,193
Fécamp,19207,19400,193
Trèbes,5308,5500,192
Barentin,12108,12300,192
Le Mée-sur-Seine,20609,20800,191
Deuil-la-Barre,21509,21700,191
Embrun,6110,6300,190
Figeac,9810,10000,190
Noisy-le-Roi,7811,8000,189
Decazeville,6012,6200,188
Douarnenez,14912,15100,188
Condom,7012,7200,188
Issoire,14012,14200,188
Blainville-sur-Orne,5813,6000,187
Plan-de-Cuques,10917,11100,183
Gignac-la-Nerthe,9018,9200,182
Port-Louis,2718,2900,182
Ville-sous-la-Ferté,1119,1300,181
Carcassonne,47419,47600,181
Dinan,10819,11000,181
Bitche,5319,5500,181
Saint-Calais,3419,3600,181
Saran,15120,15300,180
Avranches,8020,8200,180
Agneaux,4020,4200,180
Saint-Mihiel,4620,4800,180
Ronchin,18120,18300,180
Saint-Venant,3120,3300,180
Thorigny-sur-Marne,9220,9400,180
Morlaix,15421,15600,179
Condé-sur-Noireau,5422,5600,178
Saint-Quentin-Fallavier,5922,6100,178
Châteaubriant,12022,12200,178
Auray,12322,12500,178
Aubenas,11323,11500,177
Vauvert,11023,11200,177
Saint-Chély-d'Apcher,4323,4500,177
Lavelanet,6525,6700,175
Hersin-Coupigny,6225,6400,175
Argenteuil,103125,103300,175
Gouesnou,6126,6300,174
Oye-Plage,5427,5600,173
Senones,2627,2800,173
La Faute-sur-Mer,828,1000,172
Raon-l'Étape,6528,6700,172
Lardy,5528,5700,172
La Charité-sur-Loire,5129,5300,171
Varces-Allières-et-Risset,6330,6500,170
Blangy-sur-Bresle,2930,3100,170
Sourdun,1430,1600,170
Dreux,31031,31200,169
Auchel,11031,11200,169
Obernai,10731,10900,169
Le Pontet,16731,16900,169
Bar-sur-Seine,3233,3400,167
Paimpol,7634,7800,166
Joinville,3635,3800,165
Oberhausbergen,4835,5000,165
Bures-sur-Yvette,9535,9700,165
Vertus,2536,2700,164
Cayeux-sur-Mer,2736,2900,164
Luçon,9636,9800,164
Pacy-sur-Eure,4637,4800,163
Rombas,9937,10100,163
Villiers-sur-Marne,27338,27500,162
Moyeuvre-Grande,7939,8100,161
Espalion,4341,4500,159
Farébersviller,5741,5900,159
Mundolsheim,4941,5100,159
Aulnoye-Aymeries,8642,8800,158
Billère,13142,13300,158
Épinal,32842,33000,158
Gauchy,5443,5600,157
Saint-Nicolas,4843,5000,157
Saint-Martin-de-Belleville,2543,2700,157
Migennes,7243,7400,157
Hauteville-Lompnes,4044,4200,156
Aubin,4044,4200,156
Morsang-sur-Orge,20944,21100,156
Taverny,26144,26300,156
Ussel,10245,10400,155
Sées,4446,4600,154
Cerbère,1446,1600,154
Barbizon,1346,1500,154
Sorgues,18046,18200,154
Cornimont,3546,3700,154
Saint-Michel-sur-Orge,20046,20200,154
Montigny-en-Gohelle,10047,10200,153
Sainte-Adresse,7548,7700,152
Soisy-sur-Seine,7048,7200,152
Pontoise,29548,29700,152
Héricourt,10349,10500,151
Tournus,5849,6000,151
Joigny,10249,10400,151
Hérimoncourt,3750,3900,150
Nyons,6950,7100,150
Commentry,6651,6800,149
Serquigny,2051,2200,149
Pézenas,8251,8400,149
Crolles,8451,8600,149
Le Chambon-Feugerolles,12851,13000,149
Le Ban-Saint-Martin,4252,4400,148
Schiltigheim,30952,31100,148
Cuxac-d'Aude,4253,4400,147
Cestas,16353,16500,147
Bédarieux,6453,6600,147
Varangéville,3953,4100,147
Gisors,11554,11700,146
Tournan-en-Brie,8054,8200,146
Chauvigny,6754,6900,146
Pontarlier,18456,18600,144
Méricourt,11956,12100,144
Sallaumines,9956,10100,144
Gonesse,26356,26500,144
Saint-Gratien,20156,20300,144
Capdenac-Gare,4457,4600,143
Fraisses,3958,4100,142
Templemars,3158,3300,142
Velleron,2958,3100,142
Villepinte,35658,35800,142
Bar-sur-Aube,5259,5400,141
Saint-Martin-des-Champs,4759,4900,141
Saint-Hilaire-du-Harcouët,3959,4100,141
Calonne-Ricouart,5759,5900,141
Aussillon,6459,6600,141
Sochaux,4060,4200,140
Méry-sur-Oise,9260,9400,140
Saint-Héand,3561,3700,139
Masny,4361,4500,139
Besse-et-Saint-Anastaise,1561,1700,139
Guebwiller,11461,11600,139
Souppes-sur-Loing,5561,5700,139
Longpont-sur-Orge,6561,6700,139
Carnoux-en-Provence,6862,7000,138
Pontcharra,7162,7300,138
Annœullin,9663,9800,137
Cesny-aux-Vignes,364,500,136
Châtillon-sur-Seine,5564,5700,136
Sainte-Menehould,4464,4600,136
Mutzig,5664,5800,136
Le Thillot,3664,3800,136
Noisy-le-Grand,62964,63100,136
Montpon-Ménestérol,5465,5600,135
Plouhinec,4165,4300,135
Lissieu,3065,3200,135
Fosses,9565,9700,135
Deauville,3866,4000,134
Saint-Georges-de-Luzençon,1567,1700,133
Thuir,7267,7400,133
Pont-de-Roide,4468,4600,132
Saint-Maur,3268,3400,132
Wittelsheim,10268,10400,132
Saint-Rémy,568,700,132
Marolles-en-Brie,4968,5100,132
Aubigny-sur-Nère,5769,5900,131
Granville,12969,13100,131
Marnaz,5169,5300,131
Eyragues,4170,4300,130
Montbrun-les-Bains,470,600,130
Senlis,16170,16300,130
La Londe-les-Maures,9870,10000,130
Bethoncourt,5971,6100,129
Aulnat,4171,4300,129
Grimaud,4171,4300,129
Saint-Florentin,4771,4900,129
Jeumont,9772,9900,128
Téteghem,7072,7200,128
Sarre-Union,3072,3200,128
Chambourcy,5872,6000,128
Drémil-Lafage,2473,2600,127
Liévin,31873,32000,127
Mamers,5473,5600,127
Sainte-Foy-la-Grande,2474,2600,126
Heillecourt,5774,5900,126
Vandœuvre-lès-Nancy,30974,31100,126
Pauillac,5075,5200,125
Pont-Sainte-Maxence,11775,11900,125
Neuville-sur-Saône,7275,7400,125
Bohain-en-Vermandois,5976,6100,124
Auch,21576,21700,124
Montayral,2876,3000,124
Croix,20676,20800,124
Chantilly,10876,11000,124
Saint-Cyprien,10476,10600,124
Longuyon,5577,5700,123
Saint-Aubin-du-Cormier,3578,3700,122
Vernou-sur-Brenne,2678,2800,122
Orchies,8178,8300,122
Rouvroy,8778,8900,122
Douvrin,4978,5100,122
Sèvres,22978,23100,122
Falaise,8279,8400,121
Sauveterre,1779,1900,121
Le Pouliguen,4979,5100,121
Maurepas,18679,18800,121
Ézanville,8979,9100,121
Jonzac,3480,3600,120
Ouzouer-des-Champs,280,400,120
Nouan-le-Fuzelier,2381,2500,119
Seichamps,4981,5100,119
Gaillard,11181,11300,119
Quincampoix,3081,3200,119
Neufchâteau,6881,7000,119
Valenton,12081,12200,119
Sourdeval,2782,2900,118
Cormontreuil,6082,6200,118
Langres,8082,8200,118
Mouy,5282,5400,118
Chauny,11983,12100,117
Montignac,2783,2900,117
Saint-Gaultier,1883,2000,117
Ramatuelle,2183,2300,117
Bagnolet,33883,34000,117
Chamboulive,1184,1300,116
L'Isle-en-Dodon,1984,2100,116
Saint-Malo-de-Beignon,484,600,116
Saint-Jean-le-Blanc,8185,8300,115
Saint-Lary-Soulan,885,1000,115
Palaiseau,30285,30400,115
Vico,885,1000,115
Ménéac,1586,1700,114
Andeville,3186,3300,114
Coulogne,5686,5800,114
Saint-Pourçain-sur-Sioule,4987,5100,113
Saint-Clément-de-Rivière,4987,5100,113
Chalindrey,2587,2700,113
Nieppe,7587,7700,113
Éleu-dit-Leauwette,2887,3000,113
Saint-Amarin,2387,2500,113
Notre-Dame-de-Bondeville,6987,7100,113
Bourg-en-Bresse,40088,40200,112
Saint-Xandre,4488,4600,112
Valentigney,11388,11500,112
Saint-Pryvé-Saint-Mesmin,5188,5300,112
Haveluy,3088,3200,112
Helfaut,1688,1800,112
Saint-Mesmin,1788,1900,112
Cabourg,3889,4000,111
Sennecey-lès-Dijon,2189,2300,111
Carantec,3189,3300,111
Saint-Sever,4789,4900,111
Auboué,2589,2700,111
Isbergues,9289,9400,111
Romagnat,8089,8200,111
Loudun,6989,7100,111
Contrexéville,3389,3500,111
Jouy-le-Moutier,16589,16700,111
Longvic,9290,9400,110
Sainte-Livrade-sur-Lot,6290,6400,110
Prouvy,2290,2400,110
Saint-Pierre-d'Irube,4390,4500,110
Brain-sur-l'Authion,3291,3400,109
Quarouble,3091,3200,109
Ablain-Saint-Nazaire,1791,1900,109
Guilvinec,2892,3000,108
Lambres-lez-Douai,5092,5200,108
Moissac,12192,12300,108
Chasseneuil-du-Poitou,4492,4600,108
Boussy-Saint-Antoine,6292,6400,108
Villetaneuse,12592,12700,108
Auvers-sur-Oise,6792,6900,108
Honfleur,8093,8200,107
Bonson,3593,3700,107
Tence,3193,3300,107
Pompey,4993,5100,107
Petite-Rosselle,6593,6700,107
Saint-Brice,693,800,107
La Verrière,5993,6100,107
Saintry-sur-Seine,5093,5200,107
Bettancourt-la-Ferrée,1794,1900,106
Autreville-sur-la-Renne,394,500,106
Malzéville,8094,8200,106
Wittenheim,14194,14300,106
Bonnétable,3994,4100,106
Saint-Saturnin-lès-Avignon,4894,5000,106
Puiseux-en-France,3294,3400,106
Le Bouscat,23095,23200,105
Carnac,4295,4400,105
Cousolre,2395,2500,105
Rambervillers,5595,5700,105
Courdimanche,6495,6600,105
Dortan,1996,2100,104
Noyelles-sous-Lens,6896,7000,104
Rixheim,12996,13100,104
Châtenois-les-Forges,2696,2800,104
Saint-Mandé,22396,22500,104
Rosselange,2897,3000,103
Anzin-Saint-Aubin,2697,2800,103
Sélestat,19197,19300,103
Reichstett,4397,4500,103
Sainte-Croix-aux-Mines,1997,2100,103
Chailly-en-Bière,1997,2100,103
Ault,1697,1800,103
Franconville,33097,33200,103
Mouans-Sartoux,10198,10300,102
Mareuil-le-Port,1198,1300,102
Revigny-sur-Ornain,3098,3200,102
Hazebrouck,21598,21700,102
Auchy-lès-Hesdin,1698,1800,102
Barberaz,4598,4700,102
Pringy,2498,2600,102
Bondoufle,9298,9400,102
Luc-sur-Mer,3099,3200,101
Lormont,19799,19900,101
Leuville-sur-Orge,4099,4200,101
Saint-Girons,6500,6600,100
Graçay,1500,1600,100
Tinqueux,10300,10400,100
Terre-Natale,300,400,100
Lamorlaye,9300,9400,100
Sougé-le-Ganelon,900,1000,100
Saint-Thibault-des-Vignes,6300,6400,100
Valréas,9800,9900,100
Quillan,3301,3400,99
Josselin,2501,2600,99
Volgelsheim,2401,2500,99
Notre-Dame-de-Gravenchon,8101,8200,99
Maule,5801,5900,99
Signes,2801,2900,99
Penne-d'Agenais,2402,2500,98
Écaillon,2002,2100,98
La Wantzenau,5902,6000,98
Mulsanne,4402,4500,98
Mouzon,2303,2400,97
Saint-Satur,1603,1700,97
Margon,1203,1300,97
Wissembourg,7803,7900,97
Riquewihr,1203,1300,97
Lacaune,2603,2700,97
Dieulefit,3004,3100,96
Saint-Pol-de-Léon,6904,7000,96
Sermaize-les-Bains,2104,2200,96
Knutange,3304,3400,96
Corbigny,1604,1700,96
Ménerbes,1104,1200,96
Paron,4404,4500,96
Épinay-sur-Orge,10104,10200,96
Brazey-en-Plaine,2505,2600,95
Châtillon-le-Duc,1905,2000,95
Andelys,8205,8300,95
Le Coteau,6905,7000,95
Avesnelles,2505,2600,95
Bagnoles-de-l'Orne,2405,2500,95
Coupvray,2705,2800,95
La Bresse,4605,4700,95
Gannat,5806,5900,94
Saint-Vaury,1806,1900,94
Bessèges,3106,3200,94
Chatte,2406,2500,94
Luzinay,2206,2300,94
Puy-l'Évêque,2106,2200,94
Dormans,2906,3000,94
Damigny,2806,2900,94
Écouché,1306,1400,94
Châtenoy-le-Royal,5906,6000,94
Cléon,5606,5700,94
Harly,1707,1800,93
Carignan,3107,3200,93
Sancerre,1607,1700,93
Rostrenen,3307,3400,93
Île-de-Batz,507,600,93
Cugnaux,15807,15900,93
Moulins-Engilbert,1607,1700,93
Vimoutiers,3807,3900,93
Saint-Jean-les-Deux-Jumeaux,1107,1200,93
Neuvéglise,1108,1200,92
Saint-Florent-sur-Cher,6608,6700,92
Audierne,2208,2300,92
Watten,2608,2700,92
Lourches,3908,4000,92
Argelès-Gazost,3208,3300,92
Biederthal,308,400,92
Bombon,908,1000,92
Feucherolles,2908,3000,92
Saint-Prix,7308,7400,92
Étreux,1509,1600,91
Verteuil-sur-Charente,609,700,91
Soubise,2909,3000,91
Larche,1609,1700,91
Saint-Marcel,4909,5000,91
Plouescat,3609,3700,91
Roscanvel,909,1000,91
Saint-Paul-lès-Dax,12409,12500,91
Piriac-sur-Mer,2209,2300,91
Muizon,2209,2300,91
Courcité,909,1000,91
Saint-Clément,2809,2900,91
Neuvy,1510,1600,90
Cabris,1410,1500,90
Neuvic,1810,1900,90
La Roche-Derrien,1010,1100,90
Pouancé,3110,3200,90
Wizernes,3310,3400,90
Lhomme,910,1000,90
Croissy-Beaubourg,2010,2100,90
Saint-Yrieix-la-Perche,6910,7000,90
Magnac-Laval,1810,1900,90
Malay-le-Grand,1510,1600,90
Confolens,2711,2800,89
Fonsorbes,11111,11200,89
Fargues-Saint-Hilaire,2711,2800,89
Betton,10111,10200,89
Cébazat,7611,7700,89
Belbeuf,2011,2100,89
Gaillefontaine,1311,1400,89
Ribemont-sur-Ancre,611,700,89
Paray-Vieille-Poste,7111,7200,89
Plombières-lès-Dijon,2812,2900,88
Saint-Gervais-la-Forêt,3312,3400,88
Laxou,14812,14900,88
Arzon,2112,2200,88
Courchelettes,2712,2800,88
Bourron-Marlotte,2712,2800,88
Buc,5312,5400,88
Saint-Maurice,14512,14600,88
Fontenay-en-Parisis,1912,2000,88
Meillant,713,800,87
Montbard,5513,5600,87
Bègles,24913,25000,87
Seyssins,6913,7000,87
Seyssinet-Pariset,12113,12200,87
Saint-Cyprien,2313,2400,87
Soudan,2013,2100,87
Villeneuve-sur-Lot,23513,23600,87
Blainville-sur-l'Eau,4013,4100,87
Saint-Aubin-en-Bray,1013,1100,87
Langensoultzbach,913,1000,87
Bonnelles,1913,2000,87
Vaux-sur-Seine,4813,4900,87
Tournes,1014,1100,86
Cagny,1414,1500,86
Laroquebrou,814,900,86
Langogne,3014,3100,86
Serqueux,1014,1100,86
Nandy,5814,5900,86
Moussy-le-Vieux,1014,1100,86
Bailly,3914,4000,86
Châteaumeillant,2015,2100,85
Gimont,2815,2900,85
Montoy-Flanville,1115,1200,85
Thionville,41015,41100,85
Waziers,7615,7700,85
Chéraute,1115,1200,85
Molsheim,9215,9300,85
Rocquencourt,3215,3300,85
Plestin-les-Grèves,3616,3700,84
Saint-Jean-de-Védas,8716,8800,84
La Trinité-Porhoët,716,800,84
Meisenthal,716,800,84
Ger,1916,2000,84
Gray,6016,6100,84
Oissel,11516,11600,84
Carmaux,10116,10200,84
Delle,5916,6000,84
Rocquigny,717,800,83
Firmi,2517,2600,83
Saint-Rémy-de-Provence,10617,10700,83
Souillac,3817,3900,83
Folschviller,4217,4300,83
Locon,2317,2400,83
Beuvry,8817,8900,83
Neuf-Brisach,2017,2100,83
Bassens,3717,3800,83
Saint-Pierre-lès-Nemours,5617,5700,83
Bellac,4317,4400,83
Le Cheylard,3218,3300,82
Châteauneuf-sur-Charente,3418,3500,82
La Courtine,818,900,82
Chaillac,1118,1200,82
Beaune-la-Rolande,2018,2100,82
Siros,618,700,82
Nay,3218,3300,82
Marckolsheim,4218,4300,82
Houches,3018,3100,82
Bessines-sur-Gartempe,2818,2900,82
Sevenans,718,800,82
Nogentel,1019,1100,81
Mussy-sur-Seine,1119,1200,81
Grentheville,919,1000,81
Le Buisson-de-Cadouin,2119,2200,81
Montagne,1619,1700,81
Haillicourt,4919,5000,81
Hattstatt,819,900,81
Le Houlme,4019,4100,81
Le Crotoy,2219,2300,81
Sablet,1219,1300,81
Châtelaudren,1020,1100,80
Lestiac-sur-Garonne,620,700,80
Argenton-sur-Creuse,5120,5200,80
Braslou,320,400,80
Saint-Julien-de-Concelles,6820,6900,80
Aiguillon,4320,4400,80
Fagnières,4420,4500,80
Dun-sur-Meuse,720,800,80
Ambert,6920,7000,80
Messeix,1120,1200,80
Aubergenville,12020,12100,80
Magné,2820,2900,80
Aulnay-sous-Bois,82120,82200,80
Vivier-au-Court,3321,3400,79
Montréal,1921,2000,79
Trouville-sur-Mer,4821,4900,79
Minot,221,300,79
L'Île-Bouchard,1721,1800,79
L'Étrat,2621,2700,79
Dizy,1621,1700,79
Villerupt,9421,9500,79
Eckbolsheim,6421,6500,79
Roppentzwiller,721,800,79
Sevrey,1421,1500,79
Moutiers,3821,3900,79
Pont-Remy,1421,1500,79
Cassis,7722,7800,78
Baubigny,222,300,78
Monbazillac,922,1000,78
Nazelles-Négron,3522,3600,78
La Chaise-Dieu,722,800,78
Homécourt,6322,6400,78
La Gacilly,2222,2300,78
Guern,1422,1500,78
Château-Salins,2422,2500,78
Puy-Guillaume,2622,2700,78
Scheibenhard,822,900,78
Champlitte,1822,1900,78
Chauffailles,3922,4000,78
Verneil-le-Chétif,622,700,78
Bessé-sur-Braye,2322,2400,78
Saint-Rémy-lès-Chevreuse,7922,8000,78
Thouars,9822,9900,78
May-sur-Orne,1823,1900,77
Aignay-le-Duc,323,400,77
Saint-Nicolas-du-Pélem,1723,1800,77
Bueil-en-Touraine,323,400,77
Velaines,923,1000,77
Cinqueux,1523,1600,77
Issy-l'Évêque,823,900,77
Saint-Sigismond,623,700,77
Fontenoy-le-Château,623,700,77
Santa-Maria-Poggio,623,700,77
Pontrieux,1024,1100,76
Libourne,23624,23700,76
Clairvaux-les-Lacs,1424,1500,76
Lamothe,824,900,76
La Renaudière,924,1000,76
Saint-Christophe-du-Bois,2624,2700,76
Blanzat,3824,3900,76
Saint-Saturnin,1024,1100,76
Saint-Romain-au-Mont-d'Or,1024,1100,76
Dogneville,1424,1500,76
Plombières-les-Bains,1824,1900,76
Talissieu,425,500,75
Couvron-et-Aumencourt,1325,1400,75
Villeneuve-d'Olmes,1125,1200,75
Pleslin-Trigavou,3425,3500,75
Pelouse,225,300,75
Meyrueis,825,900,75
Vineuil-Saint-Firmin,1425,1500,75
Longuenesse,10925,11000,75
La Bourboule,1925,2000,75
Arrens-Marsous,725,800,75
Brunstatt,6125,6200,75
Champ-le-Duc,525,600,75
L'Île-Saint-Denis,7025,7100,75
Gourdon,426,500,74
Réquista,2026,2100,74
Chaudes-Aigues,926,1000,74
Saint-Martin-de-Ré,2526,2600,74
Jarnac-Champagne,726,800,74
Uzerche,3126,3200,74
Meymac,2526,2600,74
Excideuil,1226,1300,74
Livet-et-Gavet,1226,1300,74
Poligny,4226,4300,74
Salins-les-Bains,2926,3000,74
Saint-Just-Malmont,4126,4200,74
Montfaucon,526,600,74
Pujols,3626,3700,74
Mûrs-Erigné,5326,5400,74
Rohrbach-lès-Bitche,2126,2200,74
Scy-Chazelles,2726,2800,74
Raimbeaucourt,4126,4200,74
Cuincy,6626,6700,74
La Chapelle-d'Andaine,1526,1600,74
Achères,19626,19700,74
Chef-Boutonne,2126,2200,74
Vaugines,526,600,74
Guigneville-sur-Essonne,926,1000,74
Roumazières-Loubert,2527,2600,73
Pont-l'Abbé-d'Arnoult,1727,1800,73
Le Bourg-d'Oisans,3327,3400,73
Le Bonhomme,827,900,73
Couzon-au-Mont-d'Or,2527,2600,73
Neufchâtel-en-Bray,4827,4900,73
Saint-Rémy,1027,1100,73
Vallon-Pont-d'Arc,2328,2400,72
Le Pouzin,2828,2900,72
La Vergne,628,700,72
Castelnau-de-Médoc,3728,3800,72
Châtillon-sur-Indre,2828,2900,72
Pithiviers-le-Vieil,1828,1900,72
Saint-Vaast-la-Hougue,2028,2100,72
Rimaucourt,728,800,72
Le Bignon-du-Maine,328,400,72
Sailly-Labourse,2128,2200,72
Martres-de-Veyre,3928,4000,72
Avolsheim,728,800,72
Oberbronn,1528,1600,72
Bitschwiller-lès-Thann,2028,2100,72
Hauteluce,828,900,72
La Chapelle-Blanche,528,600,72
Ferrières-en-Bray,1628,1700,72
Mortagne-sur-Sèvre,6028,6100,72
Toucy,2628,2700,72
Joncherey,1328,1400,72
Ville-d'Avray,10828,10900,72
Viry-Noureuil,1829,1900,71
Saissac,929,1000,71
Trizac,529,600,71
Châteaubernard,3829,3900,71
Herry,1029,1100,71
Meursault,1529,1600,71
La Ferté-Vidame,729,800,71
Saint-Aubin-du-Pavail,729,800,71
Monbahus,629,700,71
Lauzun,729,800,71
Jœuf,6829,6900,71
Dompcevrin,329,400,71
Jury,1129,1200,71
Château-Chinon (Ville),2129,2200,71
Wormhout,5229,5300,71
Divion,7129,7200,71
Saint-Martin-au-Laërt,3729,3800,71
Céret,7629,7700,71
Schirmeck,2429,2500,71
Aspach-le-Bas,1329,1400,71
Thann,7929,8000,71
Saint-Aubin-sur-Scie,1129,1200,71
Adrets-de-l'Estérel,2629,2700,71
Gargas,2929,3000,71
Trévoux,6730,6800,70
Montmarault,1530,1600,70
Saint-Jean-Cap-Ferrat,2030,2100,70
Saint-Brice,1030,1100,70
Arnay-le-Duc,1630,1700,70
Estang,630,700,70
Combaillaux,1430,1500,70
Vizille,7630,7700,70
Saint-Lô-d'Ourville,530,600,70
Romagny,1030,1100,70
Marcilly-sur-Seine,630,700,70
Bourbonne-les-Bains,2230,2300,70
Marcoing,1830,1900,70
Pierrefonds,1930,2000,70
Domfront,3830,3900,70
Arudy,2230,2300,70
Moret-sur-Loing,4330,4400,70
Seillans,2530,2600,70
Bernières-sur-Mer,2331,2400,69
Rougnat,531,600,69
Saint-Martin-Sainte-Catherine,331,400,69
Blandainville,231,300,69
Riec-sur-Belon,4131,4200,69
Montréal,1231,1300,69
Paimpont,1631,1700,69
Villars,7831,7900,69
Saint-Jean-de-la-Ruelle,16631,16700,69
Cambes,331,400,69
Sarry,2031,2100,69
Houplin-Ancoisne,3431,3500,69
Catenoy,1031,1100,69
Wimille,4231,4300,69
Pontgibaud,731,800,69
Juxue,231,300,69
Seebach,1731,1800,69
Horbourg-Wihr,4931,5000,69
Sallanches,15531,15600,69
Lacrouzette,1731,1800,69
Angles,531,600,69
Roquecor,431,500,69
Le Gast,232,300,68
Saint-Martin-de-la-Lieue,832,900,68
Épron,1532,1600,68
Poulx,4032,4100,68
Sainte-Eulalie,4632,4700,68
Saint-Hilaire,1532,1600,68
Pré-en-Pail,2032,2100,68
Saint-Aubin-Fosse-Louvain,232,300,68
Saint-Fort,1532,1600,68
Bouzonville,4132,4200,68
Vatimont,332,400,68
Pouilly-sur-Loire,1732,1800,68
Brenouille,2132,2200,68
Peyrestortes,1332,1400,68
Aboncourt-Gesincourt,232,300,68
Valmeinier,432,500,68
Bouafle,2132,2200,68
Fontenay-le-Fleury,12732,12800,68
Visan,1932,2000,68
Le Val-d'Ajol,4032,4100,68
Bellefontaine,432,500,68
Seraincourt,1332,1400,68
Montord,233,300,67
Vrigne-aux-Bois,3433,3500,67
Ranville,1633,1700,67
Rivières,1833,1900,67
Pons,4333,4400,67
Mandeure,4933,5000,67
Glisolles,833,900,67
Cazaux-d'Anglès,133,200,67
Ayguemorte-les-Graves,933,1000,67
Pellevoisin,833,900,67
Sénaillac-Lauzès,133,200,67
Mortain,1733,1800,67
Couvrot,833,900,67
Cirey-sur-Vezouze,1733,1800,67
Racrange,633,700,67
Augny,2233,2300,67
La Forie,333,400,67
Beaumont,10933,11000,67
Poey-de-Lescar,1533,1600,67
Ohlungen,1333,1400,67
Blanzy,6633,6700,67
Puiseux-Pontoise,433,500,67
Coggia,833,900,67
Prémeyzel,234,300,66
Prat-Bonrepaux,834,900,66
Fontcouverte,534,600,66
Curières,234,300,66
Bavent,1734,1800,66
Jarnac,4434,4500,66
Saint-Nicolas-lès-Cîteaux,434,500,66
Suze,234,300,66
Luisant,6834,6900,66
Marguerittes,8634,8700,66
Saint-Louis-de-Montferrand,2034,2100,66
Avoine,1834,1900,66
Petit-Noir,1134,1200,66
Dunières,2934,3000,66
Blesle,634,700,66
Montrodat,1134,1200,66
Vezins,1634,1700,66
Picauville,1934,2000,66
Deneuvre,534,600,66
Biencourt-sur-Orge,134,200,66
Ploërdut,1234,1300,66
Larmor-Plage,8334,8400,66
L'Hôpital,5434,5500,66
Torcheville,134,200,66
Saint-Léger-des-Vignes,2034,2100,66
Artres,1034,1100,66
Grand-Fort-Philippe,5434,5500,66
Grandvilliers,3034,3100,66
Gouvieux,9434,9500,66
Hébuterne,534,600,66
Arconsat,634,700,66
Entraigues,634,700,66
Reipertswiller,934,1000,66
Marcy,634,700,66
Incheville,1334,1400,66
Saint-Valery-en-Caux,4434,4500,66
Vallangoujard,634,700,66
Chaourse,535,600,65
Le Monêtier-les-Bains,1035,1100,65
Palaja,2135,2200,65
Mourioux-Vieilleville,535,600,65
Chalais,435,500,65
Guengat,1635,1700,65
Plogoff,1335,1400,65
Caissargues,3735,3800,65
Colombiers,2335,2400,65
Froges,3435,3500,65
Pont-en-Royans,835,900,65
Cuttura,335,400,65
Casseneuil,2335,2400,65
Surtainville,1235,1300,65
Heugueville-sur-Sienne,535,600,65
Liffol-le-Petit,335,400,65
Velaine-en-Haye,1435,1500,65
Pierre-la-Treiche,535,600,65
Tréveray,635,700,65
Plappeville,2135,2200,65
Sermoise-sur-Loire,1635,1700,65
Fourchambault,4635,4700,65
Holque,935,1000,65
Lompret,2335,2400,65
Auby,7535,7600,65
Sainte-Gauburge-Sainte-Colombe,1135,1200,65
Fréthun,1135,1200,65
Billom,4635,4700,65
Pfaffenhoffen,2735,2800,65
Breuches,735,800,65
La Ferté-Bernard,9235,9300,65
Cheniménil,1135,1200,65
Nucourt,735,800,65
Porto-Vecchio,11035,11100,65
Saint-Jean-de-Muzols,2436,2500,64
Mauriac,3836,3900,64
Morogues,436,500,64
Rians,1036,1100,64
Auzances,1336,1400,64
Montéléger,1836,1900,64
Sauzet,1836,1900,64
Loctudy,4136,4200,64
Saint-Félix-Lauragais,1336,1400,64
Le Brouilh-Monbert,236,300,64
Ruffec,636,700,64
Theix,6736,6800,64
Etzling,1136,1200,64
Thourotte,4736,4800,64
Goincourt,1236,1300,64
Précy-sur-Oise,3236,3300,64
Échauffour,736,800,64
La Ferté-Macé,5936,6000,64
Mondicourt,636,700,64
Saint-Anthème,736,800,64
Kiffis,236,300,64
Dommartin-lès-Remiremont,1836,1900,64
Neyrolles,637,700,63
Vaux-en-Vermandois,137,200,63
Castellane,1537,1600,63
Lucéram,1237,1300,63
La Digne-d'Aval,537,600,63
Gond-Pontouvre,5937,6000,63
Serre-les-Sapins,1537,1600,63
Marboué,1137,1200,63
Éguzon-Chantôme,1337,1400,63
Longwy-sur-le-Doubs,537,600,63
Briarres-sur-Essonne,537,600,63
Cressensac,637,700,63
Trigny,537,600,63
Voisey,337,400,63
Gâvres,737,800,63
Catillon-sur-Sambre,837,900,63
Allennes-les-Marais,3337,3400,63
Fouquenies,437,500,63
Aumont-en-Halatte,537,600,63
Huby-Saint-Leu,937,1000,63
Remilly-Wirquin,337,400,63
Montaigut,1037,1100,63
Schleithal,1437,1500,63
Friesenheim,637,700,63
Feyzin,9237,9300,63
La Madeleine-sur-Loing,337,400,63
Beaucamps-le-Vieux,1437,1500,63
Villers-Campsart,137,200,63
Quesnoy-sur-Airaines,437,500,63
Évenos,2137,2200,63
Marche,1037,1100,63
Beauchamp,8737,8800,63
Samoussy,338,400,62
Saint-Martin-des-Prés,338,400,62
Saint-Moreil,238,300,62
Lamothe-Montravel,1238,1300,62
Chartainvilliers,738,800,62
Le Faou,1738,1800,62
Saussens,238,300,62
Saint-Michel-de-Fronsac,538,600,62
Chevaigné,1838,1900,62
Claix,7538,7600,62
Violay,1338,1400,62
Huisseau-sur-Mauves,1638,1700,62
Monclar,838,900,62
Chênehutte-Trèves-Cunault,1038,1100,62
Alsting,2638,2700,62
Wavrechain-sous-Denain,1638,1700,62
Rabodanges,138,200,62
Questrecques,338,400,62
Fouquières-lès-Lens,6538,6600,62
Moosch,1738,1800,62
Storckensohn,238,300,62
Valennes,338,400,62
La Chapelle-Saint-Aubin,2138,2200,62
Bertrimont,238,300,62
Champdeuil,638,700,62
Villecerf,738,800,62
Sainte-Verge,1438,1500,62
Bray-sur-Somme,1238,1300,62
Valderiès,838,900,62
Coussac-Bonneval,1338,1400,62
Accolay,438,500,62
L'Isle-sur-Serein,738,800,62
Chablis,2338,2400,62
La Ville-du-Bois,7138,7200,62
Santa-Lucia-di-Moriani,1138,1200,62
Braye-en-Thiérache,139,200,61
Veyras,1539,1600,61
Tagnon,939,1000,61
Balnot-la-Grange,139,200,61
Lunac,439,500,61
Gourville,639,700,61
La Guerche-sur-l'Aubois,3339,3400,61
Mornay-sur-Allier,439,500,61
Crépand,339,400,61
Viévy,339,400,61
Saint-Martial-le-Mont,239,300,61
La Feuillade,739,800,61
Rouvray-Sainte-Croix,139,200,61
Cerdon,1039,1100,61
Avrillé,12639,12700,61
Équeurdreville-Hainneville,17339,17400,61
Feugères,339,400,61
Beuvrigny,139,200,61
Mesneux,839,900,61
Rilly-la-Montagne,1039,1100,61
Louvemont,739,800,61
Saint-Marcel,139,200,61
Nilvange,4839,4900,61
Imphy,3739,3800,61
Le Cateau-Cambrésis,7039,7100,61
Mons-en-Pévèle,2139,2200,61
Lewarde,2739,2800,61
Sacy-le-Petit,539,600,61
Saint-Germain-de-la-Coudre,839,900,61
Taillebois,139,200,61
Bellonne,239,300,61
Buxières-sous-Montaigut,239,300,61
Tabaille-Usquain,39,100,61
Vernet-les-Bains,1439,1500,61
Serralongue,239,300,61
Sand,1139,1200,61
Bantzenheim,1639,1700,61
Gleizé,7639,7700,61
Saint-Georges-le-Gaultier,539,600,61
Montmélian,4039,4100,61
Annet-sur-Marne,3239,3300,61
Lignières-Châtelain,339,400,61
Labastide-Rouairoux,1539,1600,61
Menomblet,639,700,61
Neuvic-Entier,939,1000,61
Fresse-sur-Moselle,1839,1900,61
La Ferté-Milon,2240,2300,60
Sigoyer,640,700,60
Lesmont,340,400,60
Saint-Martin-Lys,40,100,60
Axat,640,700,60
Plouguiel,1840,1900,60
Plésidy,640,700,60
Saint-Igeaux,140,200,60
Fleurac,240,300,60
Avanne-Aveney,2340,2400,60
Clérieux,2040,2100,60
Saint-Prest,2040,2100,60
Le Juch,740,800,60
Port-Launay,440,500,60
Angles,8240,8300,60
Sainte-Sévère-sur-Indre,840,900,60
Monteplain,140,200,60
Saint-Lupicin,2140,2200,60
Paulhaguet,940,1000,60
Mende,12140,12200,60
Coulouvray-Boisbenâtre,540,600,60
Moëslains,440,500,60
Badonvilliers-Gérauvilliers,140,200,60
Commercy,6340,6400,60
Ay-sur-Moselle,1540,1600,60
Ruesnes,440,500,60
Verderel-lès-Sauqueuse,740,800,60
Montilly-sur-Noireau,740,800,60
Longny-au-Perche,1540,1600,60
Humbert,240,300,60
Bergonne,340,400,60
Mazères-Lezons,1940,2000,60
Saint-Genis-les-Ollières,4640,4700,60
Vancé,340,400,60
Lavardin,740,800,60
Bosc-Bordel,440,500,60
Saint-Martin-du-Vivier,1740,1800,60
Davron,340,400,60
Cappy,540,600,60
Saint-Nicolas-de-la-Grave,2140,2200,60
Saint-Léonard-de-Noblat,4640,4700,60
Brienon-sur-Armançon,3140,3200,60
Cerdon,741,800,59
Vouziers,4141,4200,59
Vrizy,341,400,59
Montiéramey,441,500,59
Auriac-Lagast,241,300,59
Rougnac,441,500,59
Longecourt-en-Plaine,1241,1300,59
Auxonne,7741,7800,59
Plougras,441,500,59
Sous-Parsat,141,200,59
Borrèze,341,400,59
Fraisse,141,200,59
Codognan,2441,2500,59
Arbas,241,300,59
Richelieu,1941,2000,59
Pont-Évêque,5041,5100,59
Villeneuve-de-Marc,1141,1200,59
Mantry,441,500,59
Chilleurs-aux-Bois,1841,1900,59
Notre-Dame-du-Touchet,641,700,59
Merfy,641,700,59
Chassigny,241,300,59
Lay-Saint-Christophe,2541,2600,59
Pagny-sur-Moselle,4041,4100,59
Wavrin,7641,7700,59
Saint-Georges-d'Annebecq,141,200,59
Gauchin-Légal,341,400,59
Noyelles-Godault,5141,5200,59
Ceyrat,5341,5400,59
Malintrat,941,1000,59
Ponson-Dessus,241,300,59
Soulom,241,300,59
Font-Romeu-Odeillo-Via,1841,1900,59
Autrey-lès-Gray,441,500,59
Froideterre,341,400,59
Grury,541,600,59
Épinac,2341,2400,59
Sargé-lès-le-Mans,3541,3600,59
Étival-lès-le-Mans,2041,2100,59
Manéglise,1141,1200,59
Hénouville,1241,1300,59
Eymoutiers,2041,2100,59
Grand,441,500,59
Bléneau,1441,1500,59
Saint-Sauveur-en-Puisaye,941,1000,59
Oigny-en-Valois,142,200,58
Beautor,2642,2700,58
Louchy-Montfand,442,500,58
Saint-Bonnet-Tronçais,742,800,58
Agonges,342,400,58
Saint-Genest,342,400,58
Puimichel,242,300,58
Baroville,342,400,58
Saint-Parres-aux-Tertres,2842,2900,58
Saint-Pierre-de-Mézoargues,242,300,58
Argentat,3042,3100,58
Alleyrat,142,200,58
Crocq,442,500,58
Gageac-et-Rouillac,442,500,58
Roche-lez-Beaupré,2042,2100,58
Granges-Gontardes,542,600,58
Lorleau,142,200,58
Allainville,142,200,58
Le Vigan,3942,4000,58
Saint-Georges-de-Gréhaigne,342,400,58
Arpheuilles,242,300,58
Notre-Dame-de-Vaulx,542,600,58
Mouchard,1142,1200,58
Pierrefitte-sur-Sauldre,842,900,58
Ladon,1342,1400,58
Autoire,342,400,58
Lué-en-Baugeois,342,400,58
Donville-les-Bains,3242,3300,58
Gouville-sur-Mer,2042,2100,58
Saint-Symphorien-des-Monts,142,200,58
Gigny-Bussy,242,300,58
Le Saint,642,700,58
Manom,2642,2700,58
Albestroff,642,700,58
Lucenay-lès-Aix,1042,1100,58
Lécluse,1442,1500,58
Juvigny-sous-Andaine,1042,1100,58
Ferfay,942,1000,58
Valbeleix,142,200,58
Puy-Saint-Gulmier,142,200,58
La Llagonne,242,300,58
Butten,642,700,58
Schœnbourg,442,500,58
Villers-lès-Luxeuil,342,400,58
Saint-Jean-de-la-Porte,842,900,58
Nancy-sur-Cluses,442,500,58
Préaux,1642,1700,58
Reuil-en-Brie,842,900,58
Lésigny,7442,7500,58
Saint-Loup-Lamairé,942,1000,58
Béthencourt-sur-Mer,1042,1100,58
Maisonnais-sur-Tardoire,442,500,58
Rosoy,1042,1100,58
Sault-Brénaz,1043,1100,57
Saint-Martin-de-Bavel,443,500,57
Montcornet,1543,1600,57
La Guillermie,143,200,57
Peynier,2943,3000,57
Hermival-les-Vaux,843,900,57
Saint-Martin-sous-Vigouroux,243,300,57
Segonzac,2143,2200,57
Rouzède,243,300,57
Condat-sur-Ganaveix,643,700,57
Darois,443,500,57
L'Hermitage-Lorge,743,800,57
Bénévent-l'Abbaye,843,900,57
Montferrand-la-Fare,43,100,57
Concoules,243,300,57
Plantiers,243,300,57
Meyrannes,843,900,57
Montclus,143,200,57
Saint-Nazaire-de-Ladarez,343,400,57
Saint-Jean-sur-Vilaine,1043,1100,57
Paulmy,243,300,57
Habas,1443,1500,57
Selommes,843,900,57
Montchal,443,500,57
Ousson-sur-Loire,743,800,57
Larroque-Toirac,143,200,57
Bassurels,43,100,57
Barfleur,643,700,57
Chef-du-Pont,743,800,57
Doulaincourt-Saucourt,943,1000,57
Blamont,1143,1200,57
Montigny-aux-Amognes,543,600,57
Honnecourt-sur-Escaut,743,800,57
Fresnoy-en-Thelle,943,1000,57
Béthancourt-en-Valois,243,300,57
Muidorge,143,200,57
Préaux-du-Perche,543,600,57
Courcelles-le-Comte,443,500,57
Pontaumur,743,800,57
Odratzheim,443,500,57
Drachenbronn-Birlenbach,943,1000,57
Saint-Hippolyte,1043,1100,57
Ribeauville,4843,4900,57
Le Grand-Lucé,2043,2100,57
Saint-Sorlin-d'Arves,343,400,57
Montigny,1143,1200,57
Guermantes,1243,1300,57
Mailly-Raineval,243,300,57
Treux,243,300,57
Templeux-la-Fosse,143,200,57
Le Sequestre,1543,1600,57
Sainte-Anne-Saint-Priest,143,200,57
Escles,443,500,57
Rupt-sur-Moselle,3543,3600,57
Tonnerre,5243,5300,57
Trichey,43,100,57
Pietroso,243,300,57
Chavannes-sur-Suran,644,700,56
Saulcet,644,700,56
Mujouls,44,100,56
Darbres,244,300,56
Antraigues-sur-Volane,544,600,56
Saint-Julien-Vocance,244,300,56
Omicourt,44,100,56
Saint-Saturnin-de-Lenne,344,400,56
Thérondels,444,500,56
Istres,42544,42600,56
Le Theil-Bocage,244,300,56
Cesny-Bois-Halbout,644,700,56
Orbec,2344,2400,56
Ydes,1844,1900,56
Le Falgoux,144,200,56
Chalais,1844,1900,56
Saint-Vallier,144,200,56
Hiesse,244,300,56
La Jarrie,2744,2800,56
Albignac,244,300,56
Crécey-sur-Tille,144,200,56
Remilly-sur-Tille,744,800,56
Novillars,1544,1600,56
Clansayes,544,600,56
Vassieux-en-Vercors,344,400,56
Courteilles,144,200,56
Ressuintes,144,200,56
Pont-Aven,2844,2900,56
Vigoulet-Auzil,944,1000,56
Durban,144,200,56
Tayac,144,200,56
Soussans,1544,1600,56
Ferrals-les-Montagnes,144,200,56
Millançay,744,800,56
Pouilly-sous-Charlieu,2544,2600,56
Saint-Jean-la-Vêtre,344,400,56
Juré,244,300,56
Estables,344,400,56
Saint-Clair,144,200,56
Glatigny,144,200,56
Waville,444,500,56
Aingeray,544,600,56
Murville,244,300,56
Fresnes-en-Woëvre,744,800,56
Vic-sur-Seille,1344,1400,56
Boucheporn,544,600,56
Maysel,244,300,56
Le Mage,244,300,56
Marles-les-Mines,5744,5800,56
Gouy-en-Artois,344,400,56
Gosnay,1044,1100,56
Bielle,444,500,56
Aroue-Ithorots-Olhaïby,244,300,56
Aspach,1144,1200,56
Mollans,244,300,56
Fontenois-la-Ville,144,200,56
La Longine,244,300,56
Châlonvillars,1244,1300,56
Sully,544,600,56
Contilly,144,200,56
Saint-Martin-d'Arc,344,400,56
Saint-Just-en-Brie,244,300,56
Saint-Jean-de-Thouars,1344,1400,56
Villiers-en-Bois,144,200,56
Assainvillers,144,200,56
Molliens-Dreuil,844,900,56
La Petite-Raon,844,900,56
Foissy-lès-Vézelay,144,200,56
Certines,1445,1500,55
Ussel-d'Allier,145,200,55
Saint-Martial,245,300,55
Saint-Étienne-de-Lugdarès,445,500,55
Douzy,1845,1900,55
Harricourt,45,100,55
Saint-Hippolyte,445,500,55
Cransac,1645,1700,55
Ruffec,3545,3600,55
Bors (Canton de Montmoreau-Saint-Cybard),245,300,55
Montroy,645,700,55
Ourouer-les-Bourdelins,645,700,55
Goulles,345,400,55
La Forêt-du-Temple,145,200,55
Paussac-et-Saint-Vivien,445,500,55
Baneuil,345,400,55
Villars-lès-Blamont,445,500,55
Piégros-la-Clastre,845,900,55
Carsix,245,300,55
Gournay-le-Guérin,145,200,55
Guillonville,445,500,55
Saint-Laurent-la-Gâtine,445,500,55
Sibiril,1245,1300,55
Gratentour,3545,3600,55
Villeneuve-Lécussan,545,600,55
Ramouzens,145,200,55
Soulac-sur-Mer,2645,2700,55
Yzeures-sur-Creuse,1445,1500,55
Solférino,345,400,55
Courbouzon,445,500,55
Presnoy,245,300,55
Saint-Cirq-Madelon,145,200,55
Saint-Céré,3545,3600,55
Bouzy,945,1000,55
Caurel,645,700,55
Gueux,1745,1800,55
Amanty,45,100,55
Saint-Joire,245,300,55
Demange-aux-Eaux,545,600,55
Dompierre-aux-Bois,45,100,55
Alzing,445,500,55
Terville,6445,6500,55
Vahl-lès-Faulquemont,245,300,55
Sardy-lès-Épiry,145,200,55
Limanton,245,300,55
Quérénaing,945,1000,55
Wambrechies,9745,9800,55
Esquelbecq,2145,2200,55
Esquennoy,745,800,55
Saint-Denis-sur-Sarthon,1145,1200,55
Vimy,4345,4400,55
Neuve-Chapelle,1345,1400,55
Fontrailles,145,200,55
Palau-de-Cerdagne,445,500,55
Chassy,345,400,55
Le Bourg-Dun,445,500,55
Grainville-la-Teinturière,1045,1100,55
Louveciennes,7245,7300,55
La Peyratte,1145,1200,55
Aigneville,845,900,55
Buire-Courcelles,245,300,55
Breuil-Barret,645,700,55
Châtillon-sur-Saône,145,200,55
Châtel-sur-Moselle,1645,1700,55
Villemer,245,300,55
San-Lorenzo,145,200,55
Clacy-et-Thierret,346,400,54
Louroux-Hodement,346,400,54
Liernolles,246,300,54
Loddes,146,200,54
Bellerive-sur-Allier,8546,8600,54
Franchesse,446,500,54
Saint-André-de-Rosans,146,200,54
Saint-Pierre-Saint-Jean,146,200,54
Maranwez,46,100,54
Le Pla,46,100,54
Vougrey,46,100,54
Fravaux,46,100,54
Champfleury,146,200,54
Villespy,346,400,54
Badens,746,800,54
Saint-Santin,546,600,54
Graye-sur-Mer,646,700,54
Saint-Martin-Valmeroux,846,900,54
Passirac,246,300,54
Sainte-Gemme,1246,1300,54
Lunery,1446,1500,54
Combressol,346,400,54
Bétête,346,400,54
Saint-Priest-la-Plaine,246,300,54
Noirefontaine,346,400,54
Placey,146,200,54
Radepont,746,800,54
Landévennec,346,400,54
Fraisse-sur-Agout,346,400,54
Treffendel,1246,1300,54
Cuzion,446,500,54
Crenans,246,300,54
Uxelles,46,100,54
Chissey-sur-Loue,346,400,54
Lévignacq,346,400,54
Lorcy,546,600,54
Malbouzon,146,200,54
Saint-Paul-le-Froid,146,200,54
Sainte-Eulalie,46,100,54
Lolif,546,600,54
Genevrières,146,200,54
Domèvre-en-Haye,446,500,54
Flavigny-sur-Moselle,1746,1800,54
Rustroff,546,600,54
Breidenbach,346,400,54
Cuncy-lès-Varzy,146,200,54
Saint-Vérain,346,400,54
Bulcy,146,200,54
Trith-Saint-Léger,6446,6500,54
Méteren,2146,2200,54
Forest-sur-Marque,1446,1500,54
Velennes,246,300,54
Le Plessis-Brion,1446,1500,54
Abancourt,646,700,54
Boutencourt,246,300,54
Cuts,946,1000,54
Giraumont,546,600,54
Bubertré,146,200,54
Avoine,246,300,54
Fontenai-sur-Orne,246,300,54
Saint-Martin-des-Plains,146,200,54
Auriac,246,300,54
Laroin,946,1000,54
Germ,46,100,54
Jujols,46,100,54
Matzenheim,1446,1500,54
Volksberg,346,400,54
Winkel,346,400,54
Ferrette,846,900,54
Auvet-et-la-Chapelotte,246,300,54
Fleurey-lès-Saint-Loup,146,200,54
Servance,846,900,54
Collonge-la-Madeleine,46,100,54
Vibeuf,646,700,54
Voisenon,1046,1100,54
Follainville-Dennemont,1846,1900,54
Saint-André-sur-Sèvre,646,700,54
Bonneville,346,400,54
Marlers,146,200,54
Oust-Marest,646,700,54
Curvalle,446,500,54
La Garde-Freinet,1746,1800,54
Scorbé-Clairvaux,2346,2400,54
Lussac-les-Châteaux,2346,2400,54
Vrécourt,346,400,54
Fouchécourt,46,100,54
Gurgy,1646,1700,54
Le Kremlin-Bicêtre,26046,26100,54
Sorio,146,200,54
Port,847,900,53
Lemé,447,500,53
Treignat,447,500,53
Curel,47,100,53
Hautes-Rivières,1647,1700,53
Saint-Quentin-le-Petit,147,200,53
Prades,47,100,53
Couiza,1147,1200,53
Villeneuve,1947,2000,53
Jabrun,147,200,53
Touzac,447,500,53
Palluaud,247,300,53
Réaux,447,500,53
Saint-Bazile-de-la-Roche,147,200,53
Venarey-les-Laumes,2947,3000,53
La Bussière-sur-Ouche,147,200,53
Saint-Junien-la-Bregère,147,200,53
Verdon,47,100,53
Sancey-le-Grand,947,1000,53
Condillac,147,200,53
Saint-Christophe-sur-Avre,147,200,53
Breteuil,3347,3400,53
Saussay,1047,1100,53
Salles-du-Gardon,2547,2600,53
La Vernarède,347,400,53
Pointis-de-Rivière,847,900,53
Bourrouillan,147,200,53
Saint-Christophe-en-Boucherie,247,300,53
Saint-Avertin,13947,14000,53
Lavancia-Epercy,647,700,53
Pupillin,247,300,53
Saint-Julien-sur-Cher,747,800,53
Ailleux,147,200,53
Burdignes,347,400,53
Saint-Haon,347,400,53
Champoulet,47,100,53
Boiscommun,1147,1200,53
Castelnau-Montratier,1847,1900,53
Saint-Sauveur-la-Vallée,47,100,53
Belmontet,147,200,53
Romestaing,147,200,53
Varès,647,700,53
Brévands,347,400,53
Beuzeville-au-Plain,47,100,53
Gogney,47,100,53
Île-d'Arz,247,300,53
Vry,547,600,53
Frauenberg,547,600,53
Oudrenne,747,800,53
Puttelange-aux-Lacs,3147,3200,53
Sarralbe,4547,4600,53
Vahl-Ebersing,547,600,53
Chevannes-Changy,147,200,53
Dornecy,547,600,53
Mœuvres,447,500,53
Le Pin-au-Haras,347,400,53
La Ferrière-aux-Étangs,1547,1600,53
Baincthun,1347,1400,53
Fournols,347,400,53
Ainharp,147,200,53
Simacourbe,347,400,53
Sarniguet,247,300,53
Égat,447,500,53
Mont-Louis,247,300,53
Waldhambach,647,700,53
Ingenheim,347,400,53
Neuwiller-lès-Saverne,1147,1200,53
La Walck,1147,1200,53
Niedermorschwihr,547,600,53
Montrottier,1347,1400,53
Bissey-sous-Cruchaud,347,400,53
Perrigny-sur-Loire,147,200,53
Salins-les-Thermes,947,1000,53
Sigy,47,100,53
Orcemont,847,900,53
Frémontiers,147,200,53
Verneuil-Moustiers,147,200,53
Sainte-Marguerite,2447,2500,53
Rebeuville,247,300,53
La Voivre,747,800,53
Annéot,147,200,53
Vézelay,447,500,53
Marnes-la-Coquette,1647,1700,53
Grossa,47,100,53
Balan,2348,2400,52
Marignieu,148,200,52
Happencourt,148,200,52
Montlevon,248,300,52
Désertines,4348,4400,52
Fleuriel,348,400,52
Hérisson,648,700,52
Montjustin,48,100,52
Arlebosc,348,400,52
Saint-Pierre-sur-Vence,148,200,52
Malegoude,48,100,52
Tabre,348,400,52
Saint-Lary,148,200,52
Juvancourt,148,200,52
Fays-la-Chapelle,148,200,52
Termes,48,100,52
Serres,48,100,52
Coudons,48,100,52
Ventenac-Cabardès,848,900,52
Saint-Laurent-d'Olt,648,700,52
Montézic,248,300,52
Cauville,148,200,52
Longues-sur-Mer,648,700,52
Cressac-Saint-Genis,148,200,52
Saint-Romain-sur-Gironde,48,100,52
Subligny,348,400,52
Segrois,48,100,52
Nod-sur-Seine,248,300,52
Loscouët-sur-Meu,648,700,52
Saint-André-des-Eaux,248,300,52
Plourac'h,348,400,52
Saint-Pierre-le-Bost,148,200,52
Varennes,448,500,52
Dompierre-les-Tilleuls,248,300,52
Senonches,3148,3200,52
Saint-Hernin,748,800,52
Pouldergat,1248,1300,52
Plourin-lès-Morlaix,4448,4500,52
Corbès,148,200,52
Ségos,248,300,52
Saint-Quentin-de-Caplong,248,300,52
Castelnau-le-Lez,14948,15000,52
Laillé,4348,4400,52
Dompierre-du-Chemin,548,600,52
La Tour-Saint-Gelin,548,600,52
Grange-de-Vaivre,48,100,52
Charézier,148,200,52
Plasne,248,300,52
Hontanx,548,600,52
Eugénie-les-Bains,448,500,52
Saint-Ouen,3448,3500,52
Bourré,748,800,52
Chandon,1448,1500,52
Espaly-Saint-Marcel,3548,3600,52
Salettes,148,200,52
Saint-Brevin-les-Pins,12248,12300,52
Écouflant,3748,3800,52
Saint-Barthélemy,348,400,52
Le Dézert,548,600,52
Nouainville,448,500,52
Merlaut,248,300,52
Mareuil-en-Brie,248,300,52
Anglure,848,900,52
Cernay-en-Dormois,148,200,52
Saint-Urbain-Maconcourt,648,700,52
Vallois,148,200,52
Moutiers,1748,1800,52
Ambly-sur-Meuse,248,300,52
Eix,248,300,52
Kergrist,648,700,52
Hanviller,248,300,52
Landange,248,300,52
Chailly-lès-Ennery,348,400,52
Rémelfing,1448,1500,52
Clamecy,4248,4300,52
Talon,48,100,52
Cappelle-Brouck,1148,1200,52
Vred,1348,1400,52
Loueuse,148,200,52
Lafraye,348,400,52
La Lande-de-Lougé,48,100,52
Fontenai-les-Louvets,248,300,52
Aubin-Saint-Vaast,748,800,52
Gouttières,348,400,52
Arrosès,148,200,52
Biblisheim,348,400,52
Duppigheim,1548,1600,52
Breitenbach-Haut-Rhin,848,900,52
Griesbach-au-Val,748,800,52
Lamure-sur-Azergues,1048,1100,52
Cornot,148,200,52
Pruillé-le-Chétif,1248,1300,52
Flumet,848,900,52
Marches,2448,2500,52
Gets,1248,1300,52
Vinzier,748,800,52
Ingouville,248,300,52
Limpiville,348,400,52
Butot-Vénesville,248,300,52
Auzouville-sur-Saâne,148,200,52
Burcy,148,200,52
Héricy,2548,2600,52
Croissy-sur-Seine,10048,10100,52
Sainte-Soline,348,400,52
Neufmoulin,348,400,52
Avelesges,48,100,52
Rayssac,248,300,52
Verdalle,948,1000,52
Le Causé,148,200,52
Crillon-le-Brave,448,500,52
Bruyères,3248,3300,52
Doncières,148,200,52
Saulxures-sur-Moselotte,2748,2800,52
Saint-Jean-d'Ormont,148,200,52
Sapois,648,700,52
Mirecourt,5848,5900,52
Saint-Maurice-Thizouaille,248,300,52
Avallon,7248,7300,52
Tronchoy,148,200,52
Laroche-Saint-Cydroine,1348,1400,52
Thiancourt,248,300,52
Prato-di-Giovellina,48,100,52
Casanova,348,400,52
Barrettali,148,200,52
Lompnas,149,200,51
Urcel,549,600,51
Harcigny,249,300,51
Auvare,49,100,51
Vals-les-Bains,3649,3700,51
Saint-Laurent-les-Bains,149,200,51
Aure,49,100,51
Chaumont-Porcien,449,500,51
Rubécourt-et-Lamécourt,149,200,51
Villers-sur-Bar,249,300,51
Senuc,149,200,51
Château-Verdun,49,100,51
Riceys,1349,1400,51
Laroque-de-Fa,149,200,51
Coupiac,449,500,51
Moutiers-Hubert,49,100,51
Norolles,249,300,51
Vezels-Roussy,149,200,51
Villiers-Couture,149,200,51
Saint-Maur,249,300,51
Saulon-la-Chapelle,1049,1100,51
Bousselange,49,100,51
Lignerolles,49,100,51
Fontangy,149,200,51
Lanrivain,549,600,51
Longevelle-lès-Russey,49,100,51
Montenois,1549,1600,51
Villers-la-Combe,49,100,51
Grosley-sur-Risle,549,600,51
Bernay,10449,10500,51
Sainte-Marthe,449,500,51
Marolles-les-Buis,249,300,51
La Puisaye,249,300,51
Signac,49,100,51
Cierp-Gaud,849,900,51
Baurech,749,800,51
Montautour,249,300,51
Gizeux,449,500,51
Chaumussay,249,300,51
Saint-Mury-Monteymond,349,400,51
Hières-sur-Amby,1149,1200,51
Villards-d'Héria,449,500,51
Bordères-et-Lamensans,349,400,51
Cellé,249,300,51
Bonny-sur-Loire,2049,2100,51
La Cour-Marigny,349,400,51
Lhospitalet,449,500,51
Lougratte,449,500,51
Saint-Symphorien,249,300,51
Saint-Clément-des-Levées,1149,1200,51
Lengronne,449,500,51
La Pernelle,249,300,51
Cuves,349,400,51
Argouges,549,600,51
Sarcy,249,300,51
Saint-Souplet-sur-Py,149,200,51
Aubilly,49,100,51
Magenta,1749,1800,51
Robert-Magny-Laneuville-à-Rémy,249,300,51
Saint-Michel-de-la-Roë,249,300,51
Colombiers-du-Plessis,449,500,51
Bezaumont,249,300,51
Bainville-sur-Madon,1349,1400,51
Villers-la-Montagne,1449,1500,51
Trémont-sur-Saulx,649,700,51
Duzey,49,100,51
Moncheux,149,200,51
Sillegny,449,500,51
Vaxy,149,200,51
Rumilly-en-Cambrésis,1449,1500,51
Mureaumont,149,200,51
Coye-la-Forêt,3749,3800,51
Fitz-James,2449,2500,51
Médavy,149,200,51
Loré,149,200,51
Neuville-Saint-Vaast,1449,1500,51
Rollancourt,349,400,51
Orcival,249,300,51
Doranges,149,200,51
Madiran,449,500,51
Richtolsheim,349,400,51
Katzenthal,549,600,51
Saint-Martin-en-Haut,3849,3900,51
Bucey-lès-Gy,649,700,51
Melincourt,249,300,51
Haut-du-Them-Château-Lambert,449,500,51
Saint-Barthélemy,1149,1200,51
Ferrières-lès-Scey,149,200,51
La Tagnière,249,300,51
Marmagne,1249,1300,51
Saint-Gengoux-le-National,1049,1100,51
Roullée,249,300,51
Le Lude,4049,4100,51
Saint-Franc,149,200,51
Saint-Ferréol,849,900,51
Ouville-la-Rivière,549,600,51
Vieux-Rouen-sur-Bresle,649,700,51
Yport,949,1000,51
Saint-Soupplets,3249,3300,51
Le Vésinet,16249,16300,51
Liercourt,349,400,51
Saint-Lieux-Lafenasse,449,500,51
Laboutarie,449,500,51
Saint-Cyr-en-Talmondais,349,400,51
L'Hermenault,849,900,51
La Chapelle-Montbrandeix,249,300,51
Saint-Georges-les-Landes,249,300,51
Bleurville,349,400,51
Le Ménil,1149,1200,51
Chichée,349,400,51
Coulours,149,200,51
Menades,49,100,51
Grandvillars,3049,3100,51
Chérence,149,200,51
Azzana,49,100,51
Villanova,349,400,51
Matra,49,100,51
Ramasse,250,300,50
Verjon,250,300,50
Simandre-sur-Suran,650,700,50
Gernicourt,50,100,50
Monthurel,150,200,50
Esquéhéries,850,900,50
Ainay-le-Château,1050,1100,50
Lapalisse,3150,3200,50
Le Castellard-Mélan,50,100,50
Beaujeu,150,200,50
Saint-Jacques-en-Valgodemard,150,200,50
Sallagriffon,50,100,50
Cuébris,150,200,50
Chevières,50,100,50
Sévigny-Waleppe,250,300,50
Fagnon,350,400,50
Artigues,50,100,50
Sainte-Croix-Volvestre,650,700,50
Salon,150,200,50
Trannes,250,300,50
Caunettes-en-Val,50,100,50
Coursan,6050,6100,50
Montlaur,650,700,50
Beaumont-en-Auge,450,500,50
Saint-Seurin-de-Palenne,150,200,50
Parnay,50,100,50
Vouzeron,550,600,50
Serruelles,50,100,50
Ménétréol-sur-Sauldre,250,300,50
Meyrignac-l'Église,50,100,50
Foncegrive,150,200,50
Gurgy-le-Château,50,100,50
Loguivy-Plougras,950,1000,50
Mazeyrolles,350,400,50
Belvès,1450,1500,50
Abjat-sur-Bandiat,650,700,50
Meslières,350,400,50
Badevel,850,900,50
Devecey,1350,1400,50
Bouvières,150,200,50
Espeluche,1050,1100,50
Chapelle-Royale,350,400,50
Saint-Paul-d'Oueil,50,100,50
Guran,50,100,50
Callian,50,100,50
Larroque-Engalin,50,100,50
Cazaugitat,250,300,50
Soulignac,450,500,50
Saint-Vincent-de-Paul,1050,1100,50
Cherrueix,1150,1200,50
Trans-la-Forêt,550,600,50
Lourdoueix-Saint-Michel,350,400,50
Septème,1750,1800,50
Bellefontaine,550,600,50
Planches-en-Montagne,150,200,50
Arinthod,1150,1200,50
Tarentaise,450,500,50
Saint-Austremoine,50,100,50
Le Croisic,4050,4100,50
Montigny,250,300,50
Feins-en-Gâtinais,50,100,50
Sauveterre-Saint-Denis,450,500,50
Le Born,150,200,50
Sainte-Marie-du-Mont,750,800,50
Le Mesnil-Gilbert,150,200,50
Hans,150,200,50
Luxémont-et-Villotte,450,500,50
Belval-en-Argonne,50,100,50
Grenant,150,200,50
Mirbel,50,100,50
Belmont,50,100,50
Valleret,50,100,50
Longlaville,2450,2500,50
Vilcey-sur-Trey,150,200,50
Custines,2950,3000,50
Saulnes,2350,2400,50
Septsarges,50,100,50
Montiers-sur-Saulx,450,500,50
Nousseviller-lès-Bitche,150,200,50
Laning,550,600,50
Tazilly,250,300,50
Corvol-l'Orgueilleux,750,800,50
Proville,3350,3400,50
Cantin,1450,1500,50
Montay,350,400,50
Sailly-lez-Cambrai,450,500,50
Wemaers-Cappel,250,300,50
Wambez,150,200,50
Anserville,450,500,50
Fontaine-Saint-Lucien,150,200,50
Sainte-Scolasse-sur-Sarthe,550,600,50
Champ-Haut,50,100,50
Campagne-lès-Guines,450,500,50
Authezat,650,700,50
Précilhon,350,400,50
Lansac,150,200,50
Taulis,50,100,50
Lampertheim,2950,3000,50
Eckartswiller,450,500,50
Saales,850,900,50
Brignais,11350,11400,50
Oigney,50,100,50
Conflans-sur-Lanterne,650,700,50
Malay,250,300,50
Bonnevaux,250,300,50
Grainville-sur-Ry,450,500,50
Villiers-sous-Grez,750,800,50
Vausseroux,350,400,50
Woincourt,1450,1500,50
Bonnay,250,300,50
Lamotte-Buleux,350,400,50
Pierregot,250,300,50
Vacqueyras,1050,1100,50
La Bussière,350,400,50
Domrémy-la-Pucelle,150,200,50
They-sous-Montfort,150,200,50
Augy,1050,1100,50
Fontenay-près-Vézelay,150,200,50
Vireaux,150,200,50
Ollainville,4550,4600,50
Hodent,250,300,50
Hédouville,250,300,50
Felce,50,100,50
Castellare-di-Casinca,550,600,50
Poggio-Mezzana,650,700,50
Saint-Clément,51,100,49
Marle,2351,2400,49
Vauxtin,51,100,49
Villiers-Saint-Denis,1051,1100,49
Meillers,151,200,49
Cérilly,1351,1400,49
Théoule-sur-Mer,1551,1600,49
Péreyres,51,100,49
Monestier,51,100,49
Malbosc,151,200,49
Haybes,2051,2100,49
Clavy-Warby,351,400,49
Bouconville,51,100,49
Daigny,351,400,49
Justiniac,51,100,49
Luzenac,551,600,49
Chennegy,451,500,49
Brienne-la-Vieille,451,500,49
Assenay,151,200,49
Peyrefitte-du-Razès,51,100,49
Pradelles-Cabardès,151,200,49
Ilhes,51,100,49
Le Nayrac,551,600,49
Colombiès,951,1000,49
Courcy,151,200,49
Fontenay-le-Marmion,1551,1600,49
Cuverville,2051,2100,49
La Rivière-Saint-Sauveur,1951,2000,49
Lécaude,151,200,49
Le Tronquay,751,800,49
Cézens,251,300,49
Chenon,151,200,49
Plaizac,151,200,49
Neuvy-sur-Barangeon,1251,1300,49
Primelles,251,300,49
Saint-Bazile-de-Meyssac,151,200,49
Colombier,51,100,49
Pontailler-sur-Saône,1251,1300,49
Jeux-lès-Bard,51,100,49
Coatascorn,251,300,49
Nouzerines,251,300,49
Saint-Vincent-Jalmoutiers,251,300,49
Savignac-les-Églises,951,1000,49
Urval,151,200,49
Nontron,3351,3400,49
Mathay,2151,2200,49
Saint-Laurent-du-Tencement,51,100,49
Tillières-sur-Avre,1151,1200,49
Thivars,951,1000,49
Vernouillet,11751,11800,49
Bezins-Garraux,51,100,49
Cabas-Loumassès,51,100,49
Brugnens,251,300,49
Réans,251,300,49
Lartigue,51,100,49
Targon,1851,1900,49
Lunas,651,700,49
Monthault,251,300,49
Niherne,1551,1600,49
Neuillé-Pont-Pierre,1951,2000,49
Malleval-en-Vercors,51,100,49
Cour-et-Buis,851,900,49
Chemin,351,400,49
Reithouse,51,100,49
Escalans,251,300,49
Baigneaux,51,100,49
La Chamba,51,100,49
Sail-sous-Couzan,951,1000,49
Saint-Étienne-sur-Blesle,51,100,49
Pornichet,10451,10500,49
Montcabrier,351,400,49
Lamagdelaine,751,800,49
Junies,251,300,49
Monsempron-Libos,2051,2100,49
Dangy,651,700,49
Mobecq,251,300,49
Lithaire,551,600,49
Ger,851,900,49
Méautis,651,700,49
Saint-Pierre-d'Arthéglise,151,200,49
Dommartin-sous-Hans,51,100,49
Ablancourt,151,200,49
Mourmelon-le-Petit,751,800,49
Vignes-la-Côte,51,100,49
Poinson-lès-Nogent,151,200,49
Farincourt,51,100,49
Osches,51,100,49
Fontaines-Saint-Clair,51,100,49
Bazincourt-sur-Saulx,151,200,49
Île-d'Houat,251,300,49
Belles-Forêts,251,300,49
Hoste,651,700,49
Monchaux-sur-Écaillon,551,600,49
Ivry-le-Temple,651,700,49
Parnes,351,400,49
Saint-Michel-Tubœuf,551,600,49
Valframbert,1551,1600,49
Favreuil,251,300,49
Fleurbaix,2651,2700,49
Wamin,251,300,49
Barlin,7551,7600,49
Ferques,1851,1900,49
Le Brugeron,251,300,49
Saint-Georges-de-Mons,2151,2200,49
Aubous,51,100,49
Gotein-Libarrenx,451,500,49
Aussurucq,251,300,49
Gèdre,251,300,49
Aveux,51,100,49
Bonnefont,351,400,49
Barbachen,51,100,49
Wingen-sur-Moder,1551,1600,49
Mussig,1151,1200,49
Levoncourt,251,300,49
Châteney,51,100,49
Navenne,1751,1800,49
Vérissey,51,100,49
Brides-les-Bains,551,600,49
Tours-en-Savoie,851,900,49
La Rivière-Enverse,451,500,49
La Baume,251,300,49
Veules-les-Roses,551,600,49
Saint-Aubin-sur-Mer,251,300,49
Bréau,351,400,49
Millemont,251,300,49
Nampont,251,300,49
Velennes,151,200,49
Bougainville,451,500,49
Angliers,651,700,49
Rempnat,151,200,49
Colroy-la-Grande,551,600,49
Gland,51,100,49
Cudot,351,400,49
Pasilly,51,100,49
Châtel-Gérard,251,300,49
Perrigny,1151,1200,49
Lebetain,451,500,49
Moussy,151,200,49
Matafelon-Granges,652,700,48
Sinceny,2152,2200,48
Saint-Pierre-Aigle,352,400,48
Lanchy,52,100,48
Martigny,452,500,48
Passy-sur-Marne,152,200,48
Monthiers,152,200,48
Meurival,52,100,48
Gergny,152,200,48
Audes,452,500,48
Dompierre-sur-Besbre,3152,3200,48
Saint-Jeannet,52,100,48
Le Bersac,152,200,48
Saint-Genis,52,100,48
Gattières,4052,4100,48
Saint-Pierre-la-Roche,52,100,48
Ham-sur-Meuse,252,300,48
Novy-Chevrières,652,700,48
Auge,52,100,48
Fuligny,52,100,48
Metz-Robert,52,100,48
Routier,252,300,48
Villedaigne,452,500,48
Gaja-la-Selve,152,200,48
La Selve,652,700,48
Moulines,252,300,48
Le Mesnil-Benoist,52,100,48
Grandcamp-Maisy,1752,1800,48
Arnac,152,200,48
Brigueuil,1052,1100,48
Saint-Maurice-des-Lions,952,1000,48
Benest,352,400,48
Guizengeard,152,200,48
Brie-sous-Mortagne,252,300,48
Assigny,152,200,48
Chevannay,52,100,48
Labergement-lès-Auxonne,352,400,48
Corcelles-les-Monts,652,700,48
Molinot,152,200,48
Brantôme,2152,2200,48
Razac-de-Saussignac,352,400,48
Le Bourdeix,252,300,48
Échevis,52,100,48
Mercey,52,100,48
Sainte-Marie-de-Vatimesnil,252,300,48
Bourgtheroulde-Infreville,2852,2900,48
La Heunière,252,300,48
Lyons-la-Forêt,752,800,48
Pézy,252,300,48
Prudemanche,252,300,48
Soustelle,152,200,48
Fos,252,300,48
Lahitère,52,100,48
Fourquevaux,752,800,48
Valcabrère,152,200,48
Belmont,152,200,48
Daubèze,152,200,48
Poujols,152,200,48
Dio-et-Valquières,152,200,48
La Berthenoux,452,500,48
Saint-Benoît-du-Sault,652,700,48
Saint-Marcel,1552,1600,48
Coings,852,900,48
Lacs,652,700,48
Lingé,252,300,48
Sainte-Catherine-de-Fierbois,652,700,48
Chuzelles,2052,2100,48
Gevingey,452,500,48
Lajoux,252,300,48
Pécorade,152,200,48
Saint-Laurent-Rochefort,252,300,48
Présailles,152,200,48
Samazan,852,900,48
Grézet-Cavagnan,352,400,48
Montagnac-sur-Lède,252,300,48
Courtisols,2552,2600,48
Doncourt-sur-Meuse,52,100,48
Fougerolles-du-Plessis,1352,1400,48
Senonnes,352,400,48
Javron-les-Chapelles,1452,1500,48
Franconville,52,100,48
Verdenal,152,200,48
Remoiville,152,200,48
Rupt-devant-Saint-Mihiel,52,100,48
Parfondrupt,52,100,48
Croixanvec,152,200,48
Laumesfeld,252,300,48
Pévange,52,100,48
Obreck,52,100,48
Varsberg,952,1000,48
Bouhy,452,500,48
Cercy-la-Tour,1952,2000,48
Mhère,252,300,48
Champallement,52,100,48
Villers-Vicomte,152,200,48
Troissereux,1152,1200,48
La Cochère,152,200,48
Saint-Nicolas-des-Bois,252,300,48
Rai,1552,1600,48
Chambon-sur-Lac,352,400,48
Saint-Rémy-de-Chargnat,552,600,48
Creste,52,100,48
Novacelles,152,200,48
Arnéguy,252,300,48
Vidouze,252,300,48
Péré,52,100,48
Codalet,352,400,48
Harskirchen,852,900,48
Entzheim,1752,1800,48
Ratzwiller,252,300,48
Wolfskirchen,352,400,48
Niedersoultzbach,252,300,48
Oberlarg,152,200,48
Chaumercenne,152,200,48
Creveney,52,100,48
Fontaine-lès-Luxeuil,1452,1500,48
Traves,352,400,48
Chambornay-lès-Pin,352,400,48
Bouhans,152,200,48
La Petite-Verrière,52,100,48
Bouzeron,152,200,48
Saint-Aubin-des-Coudrais,952,1000,48
Arçonnay,1852,1900,48
Avanchers-Valmorel,752,800,48
Queige,852,900,48
Fessy,752,800,48
Ifs,52,100,48
Bassevelle,352,400,48
Vernou-la-Celle-sur-Seine,2652,2700,48
Courchamp,152,200,48
Fontaine-sur-Maye,152,200,48
Dommartin,352,400,48
Cagny,1252,1300,48
Viterbe,352,400,48
Lioux,252,300,48
Vouvant,852,900,48
Saint-Secondin,552,600,48
Sussac,352,400,48
Le Mont,52,100,48
Xamontarupt,152,200,48
Vittel,5452,5500,48
Fomerey,152,200,48
Ban-sur-Meurthe-Clefcy,952,1000,48
Le Vermont,52,100,48
Jaulges,452,500,48
La Postolle,152,200,48
Saint-Aubin-sur-Yonne,452,500,48
Margency,2852,2900,48
Mours,1352,1400,48
Novale,52,100,48
Rapale,152,200,48
Groslée,353,400,47
Leyssard,153,200,47
Effry,353,400,47
La Hérie,153,200,47
Chavigny,153,200,47
La Capelle,1853,1900,47
Lavoine,153,200,47
Avrilly,153,200,47
Sanssat,253,300,47
Aubignosc,553,600,47
La Cluse,53,100,47
Saint-Prix,253,300,47
Saint-Jean-Chambre,253,300,47
Freyssenet,53,100,47
Cornas,2253,2300,47
Thilay,1053,1100,47
Remilly-les-Pothées,253,300,47
Haraucourt,753,800,47
La Neuville-aux-Joûtes,353,400,47
Girondelle,153,200,47
Carla-de-Roquefort,153,200,47
Saint-Lizier,1453,1500,47
Chaudrey,153,200,47
Cailla,53,100,47
Lapanouse,753,800,47
Durenque,553,600,47
Lantheuil,653,700,47
Courseulles-sur-Mer,4153,4200,47
Joursac,153,200,47
Drugeac,353,400,47
Médillac,153,200,47
Saint-Pierre-de-Juillers,353,400,47
Presly,253,300,47
Juillac,1153,1200,47
Beaulieu-sur-Dordogne,1253,1300,47
Thorey-sur-Ouche,153,200,47
Foissy,153,200,47
Chassagne-Montrachet,353,400,47
Source-Seine,53,100,47
Clairavaux,153,200,47
Boussac,1353,1400,47
Saint-Pancrace,153,200,47
Limeyrat,453,500,47
Ponteyraud,53,100,47
Saint-Laurent-la-Vallée,253,300,47
Plaisance,453,500,47
Saint-Marcory,53,100,47
Reculfoz,53,100,47
Fay-le-Clos,153,200,47
Tain-l'Hermitage,5853,5900,47
Piseux,653,700,47
Lisors,353,400,47
Arrou,1653,1700,47
Cros,253,300,47
Vissec,53,100,47
Saint-Maurice-de-Cazevieille,653,700,47
Saint-Ferréol-de-Comminges,53,100,47
Mirambeau,53,100,47
Arguenos,53,100,47
Beaufort,353,400,47
Bassoues,353,400,47
Maumusson-Laguian,153,200,47
Saint-Aunix-Lengros,153,200,47
Miramont-Latour,153,200,47
Sougé,153,200,47
Jaulnay,253,300,47
Cormery,1653,1700,47
Sainte-Marie-d'Alloix,553,600,47
Chamrousse,453,500,47
Vif,8053,8100,47
Broissia,53,100,47
Saugeot,53,100,47
Saint-Herblain,43153,43200,47
Villepot,653,700,47
Rougé,2253,2300,47
Payrac,653,700,47
Saint-Bonnet-de-Chirac,53,100,47
Prunières,253,300,47
Beauvau,253,300,47
Montilliers,1153,1200,47
Le Val-Saint-Père,1853,1900,47
Chantemerle,53,100,47
Ormes,453,500,47
Connantre,1053,1100,47
Bayard-sur-Marne,1453,1500,47
Bay-sur-Aube,53,100,47
Dinteville,53,100,47
Gudmont-Villiers,353,400,47
Poinsenot,53,100,47
Anrosey,153,200,47
Chémeré-le-Roi,453,500,47
Grosrouvres,53,100,47
Jaillon,353,400,47
Valleroy,2453,2500,47
Manheulles,153,200,47
Guerpont,253,300,47
Halles-sous-les-Côtes,153,200,47
Varnéville,53,100,47
Beaufort-en-Argonne,153,200,47
Fromezey,53,100,47
Loisey-Culey,453,500,47
Villotte-devant-Louppy,153,200,47
Broussey-Raulecourt,253,300,47
Groix,2253,2300,47
Hultehouse,353,400,47
Cuvry,753,800,47
Kalhausen,853,900,47
Saint-Sulpice,453,500,47
Estourmel,453,500,47
Ors,653,700,47
Bouchain,4053,4100,47
Lecelles,2653,2700,47
Saint-Crépin-aux-Bois,253,300,47
Monceaux,753,800,47
Merri,153,200,47
Beaulandais,153,200,47
Marchemaisons,153,200,47
Équirre,53,100,47
Fresnoy-en-Gohelle,253,300,47
Monts-en-Ternois,53,100,47
Tauves,753,800,47
Tortebesse,53,100,47
Champétières,253,300,47
Diusse,153,200,47
Loubieng,453,500,47
Os-Marsillon,453,500,47
Issor,253,300,47
Sariac-Magnoac,153,200,47
Campuzan,153,200,47
Conat,53,100,47
Stutzheim-Offenheim,1453,1500,47
Mittelbergheim,653,700,47
Neewiller-près-Lauterbourg,653,700,47
Wingen,453,500,47
Quers,353,400,47
Le Rousset,253,300,47
Saint-Martin-la-Patrouille,53,100,47
Mailly,153,200,47
Novel,53,100,47
Marêts,153,200,47
Solers,1253,1300,47
Miannay,553,600,47
Courcelles-sous-Thoix,53,100,47
Saulchoy-sous-Poix,53,100,47
Bouchon,153,200,47
Devise,53,100,47
La Vicogne,253,300,47
Milhars,253,300,47
Gramont,153,200,47
Gassin,2853,2900,47
La Chapelle-Bâton,353,400,47
Dombrot-sur-Vair,253,300,47
Cisery,53,100,47
Bellechaume,453,500,47
Villeneuve-Saint-Salves,253,300,47
Nerville-la-Forêt,653,700,47
Guagno,153,200,47
Alata,2953,3000,47
Altagène,53,100,47
Zoza,53,100,47
Ersa,153,200,47
Casalta,53,100,47
Péronnas,6054,6100,46
Coligny,1154,1200,46
Jumencourt,154,200,46
Crécy-sur-Serre,1454,1500,46
Saint-Ennemond,654,700,46
Varennes-sur-Tèche,254,300,46
Montrond,54,100,46
Pierrefeu,254,300,46
Saint-Andéol-de-Fourchades,54,100,46
Aizac,154,200,46
Remaucourt,154,200,46
Loubens,254,300,46
Cérizols,154,200,46
Chauchigny,254,300,46
Bayel,854,900,46
Thil,154,200,46
Saint-Léger-sous-Margerie,54,100,46
Rilly-Sainte-Syre,254,300,46
Najac,754,800,46
Éguilles,7554,7600,46
La Folletière-Abenon,154,200,46
Lessard-et-le-Chêne,154,200,46
Gerrots,54,100,46
Salins,154,200,46
Marchastel,154,200,46
Saint-Mary-le-Plain,154,200,46
Saint-Georges,54,100,46
Vibrac,154,200,46
Saint-Fort-sur-Gironde,854,900,46
Laverdines,54,100,46
La Celle,354,400,46
Drée,54,100,46
Duesme,54,100,46
Cussy-la-Colonne,54,100,46
Cuiserey,154,200,46
Vertault,54,100,46
Juillenay,54,100,46
Bard-lès-Époisses,54,100,46
Calanhel,254,300,46
Siorac-de-Ribérac,254,300,46
Besse,154,200,46
Creysse,1854,1900,46
Saint-Pantaly-d'Ans,154,200,46
Aibre,454,500,46
Uzelle,154,200,46
Dung,654,700,46
Villers-Grélot,154,200,46
Pilles,254,300,46
Garencières,554,600,46
Champ-Dolent,54,100,46
La Feuillée,654,700,46
Lampaul-Plouarzel,2054,2100,46
Pins-Justaret,4454,4500,46
Tillac,254,300,46
Avéron-Bergelle,154,200,46
Sarragachies,254,300,46
Blanquefort,54,100,46
Bayas,454,500,46
Vias,5354,5400,46
Cintré,2054,2100,46
Saint-Denis-de-Jouhet,954,1000,46
Roussines,354,400,46
Champillet,154,200,46
Sazilly,254,300,46
Saint-Baudille-et-Pipet,254,300,46
Le Pasquier,254,300,46
Ney,554,600,46
Vadans,254,300,46
Le Frasnois,154,200,46
Le Louverot,254,300,46
Mesnay,554,600,46
Mézos,854,900,46
Bracieux,1254,1300,46
Champigny-en-Beauce,654,700,46
Lebreil,154,200,46
Mercuès,1054,1100,46
Castelmoron-sur-Lot,1754,1800,46
Cubiérettes,54,100,46
La Prévière,254,300,46
Chartrené,54,100,46
Beaucoudray,154,200,46
Cresnays,254,300,46
Tessy-sur-Vire,1454,1500,46
Saint-Mard-sur-Auve,54,100,46
Moncetz-Longevas,554,600,46
Ventelay,254,300,46
Autigny-le-Petit,54,100,46
Montreuil-sur-Blaise,154,200,46
Chamarandes-Choignes,1054,1100,46
Maisoncelles,54,100,46
Xirocourt,454,500,46
Ancerviller,254,300,46
Saulxures-lès-Vannes,354,400,46
Sivry,254,300,46
Tramont-Saint-André,54,100,46
Le Claon,54,100,46
Baudrémont,54,100,46
Vaucouleurs,2054,2100,46
Neuville-sur-Ornain,354,400,46
Silfiac,454,500,46
Saint-Saulge,854,900,46
Ouroux-en-Morvan,654,700,46
Dun-les-Places,354,400,46
Eswars,354,400,46
Quiévelon,154,200,46
Neuf-Mesnil,1254,1300,46
Jenlain,1054,1100,46
Muirancourt,554,600,46
Bienville,454,500,46
Courcelles-lès-Gisors,854,900,46
Mahéru,254,300,46
Saint-Aubin-de-Bonneval,154,200,46
La Fresnaie-Fayel,54,100,46
La Chaux,54,100,46
Séricourt,54,100,46
Chériennes,154,200,46
Tardinghen,154,200,46
Tigny-Noyelle,154,200,46
Verneugheol,254,300,46
Voingt,54,100,46
Crevant-Laveine,954,1000,46
Picherande,354,400,46
Yssac-la-Tourette,354,400,46
Collanges,154,200,46
Castéra-Loubix,54,100,46
Labets-Biscay,154,200,46
Estérençuby,354,400,46
Noguères,154,200,46
Castetner,154,200,46
Banios,54,100,46
Lanespède,154,200,46
Lamanère,54,100,46
Hatten,1954,2000,46
Valff,1254,1300,46
Muespach,854,900,46
Oppenans,54,100,46
Aroz,154,200,46
Guerreaux,254,300,46
Juif,254,300,46
Saint-Maurice-en-Rivière,554,600,46
Poillé-sur-Vègre,654,700,46
Crannes-en-Champagne,354,400,46
École,254,300,46
Villequier,754,800,46
Auzouville-l'Esneval,354,400,46
Étalondes,1154,1200,46
Sept-Meules,154,200,46
La Bellière,54,100,46
Marchémoret,554,600,46
Fresnes-sur-Marne,654,700,46
La Chapelle-Saint-Laurent,1854,1900,46
Bouvincourt-en-Vermandois,154,200,46
L'Échelle-Saint-Aurin,54,100,46
Grands-Chézeaux,254,300,46
La Bazeuge,154,200,46
Saint-Gilles-les-Forêts,54,100,46
Morville,54,100,46
Légéville-et-Bonfays,54,100,46
Gugney-aux-Aulx,154,200,46
Soncourt,54,100,46
Thury,454,500,46
Fouronnes,154,200,46
Ravières,854,900,46
Chastellux-sur-Cure,154,200,46
Vellescot,254,300,46
La Roche-Guyon,454,500,46
Guiry-en-Vexin,154,200,46
Jagny-sous-Bois,254,300,46
Castineta,54,100,46
San-Gavino-di-Tenda,54,100,46
Muro,254,300,46
Loreto-di-Casinca,254,300,46
Belley,8755,8800,45
Bucy-le-Long,1955,2000,45
Chigny,155,200,45
Laval-en-Laonnois,255,300,45
Chierry,1055,1100,45
Parfondeval,155,200,45
Thenailles,255,300,45
Ressons-le-Long,755,800,45
Saint-Éloy-d'Allier,55,100,45
Blieux,55,100,45
Saint-Jurs,155,200,45
Bayons,255,300,45
Montclus,55,100,45
Fontan,255,300,45
Burzet,455,500,45
Fossé,55,100,45
Raucourt-et-Flaba,855,900,45
Mont-Saint-Remy,55,100,45
Blanchefosse-et-Bay,155,200,45
Suc-et-Sentenac,55,100,45
Aulos,55,100,45
Bénaix,155,200,45
Plessis-Barbuise,155,200,45
Proverville,255,300,45
Villerouge-Termenès,155,200,45
Cailhau,255,300,45
Saint-Couat-du-Razès,55,100,45
Saint-Laurent-de-Lévézou,155,200,45
Campagnac,455,500,45
Lescure-Jaoul,255,300,45
Brousse-le-Château,155,200,45
Saint-André-d'Hébertot,455,500,45
Le Mesnil-Simon,155,200,45
Estry,355,400,45
Bellou,155,200,45
Périgny,55,100,45
Vicques,55,100,45
Secqueville-en-Bessin,355,400,45
Saint-Fraigne,455,500,45
Orival,155,200,45
Triac-Lautrait,455,500,45
Barzan,455,500,45
Lozay,155,200,45
Coust,455,500,45
Boulleret,1355,1400,45
Sarran,255,300,45
Fain-lès-Moutiers,155,200,45
Runan,255,300,45
La Ferrière,455,500,45
Langourla,555,600,45
Leyrat,155,200,45
Celles,555,600,45
Prats-du-Périgord,155,200,45
Nanteuil-Auriac-de-Bourzac,255,300,45
La Coquille,1355,1400,45
Saint-Rabier,555,600,45
Manaurie,155,200,45
Hôpitaux-Vieux,355,400,45
Abbenans,355,400,45
Marvelise,155,200,45
Voires,55,100,45
Chambray,455,500,45
Mouflaines,155,200,45
Le Troncq,155,200,45
Tillay-le-Péneux,355,400,45
Langey,355,400,45
Goulven,455,500,45
Dirinon,2455,2500,45
Corconne,555,600,45
Saint-Bresson,55,100,45
Mons,1455,1500,45
Salerm,55,100,45
Deyme,855,900,45
Sédeilhac,55,100,45
Lagarde-Hachan,155,200,45
Blousson-Sérian,55,100,45
Orbessan,255,300,45
Cannet,55,100,45
Maransin,1055,1100,45
Saint-André-de-Buèges,55,100,45
Essards,155,200,45
Pont-d'Héry,255,300,45
Moutoux,55,100,45
Alièze,155,200,45
Menétru-le-Vignoble,155,200,45
Charency,55,100,45
Crissey,655,700,45
Uza,155,200,45
La Versanne,355,400,45
Saint-Jodard,555,600,45
Saint-Vénérand,55,100,45
Ouides,55,100,45
Cornac,355,400,45
Touzac,355,400,45
Saint-Denis-lès-Martel,355,400,45
Saint-Germain-de-Calberte,455,500,45
Saint-Jean-de-la-Rivière,355,400,45
Coutances,9355,9400,45
Barenton,1255,1300,45
Servon,255,300,45
La Chapelle-en-Juger,655,700,45
Le Mesnil-Aubert,155,200,45
Villers-le-Château,255,300,45
Saint-Masmes,455,500,45
Dommartin-Lettrée,155,200,45
Villers-Marmery,555,600,45
Haussimont,155,200,45
Marfaux,155,200,45
La Neuville-aux-Bois,155,200,45
Orbigny-au-Mont,155,200,45
Balesmes-sur-Marne,255,300,45
Le Châtelet-sur-Meuse,155,200,45
Illoud,255,300,45
Vesvres-sous-Chalancey,55,100,45
Madré,355,400,45
Couptrain,155,200,45
Vaiges,1155,1200,45
Virecourt,455,500,45
Fains-Véel,2255,2300,45
Beney-en-Woëvre,155,200,45
Vadonville,255,300,45
Brouennes,155,200,45
Jouy-en-Argonne,55,100,45
Menskirch,155,200,45
Carling,3655,3700,45
Saint-Germain-Chassenay,355,400,45
Poil,155,200,45
Louvignies-Quesnoy,955,1000,45
Loffre,755,800,45
Bévillers,555,600,45
Fenain,5355,5400,45
Haubourdin,14455,14500,45
Saint-Benin,355,400,45
Beaurepaire-sur-Sambre,255,300,45
Saint-Martin-le-Nœud,1055,1100,45
Coivrel,255,300,45
Bonnières,155,200,45
Élencourt,55,100,45
Plainval,355,400,45
Bocquencé,155,200,45
Saint-Germain-le-Vieux,55,100,45
Maisnil,255,300,45
Wingles,8255,8300,45
Gomiécourt,155,200,45
Bermicourt,155,200,45
Béthune,25655,25700,45
Œuf-en-Ternois,255,300,45
Vernines,355,400,45
Valz-sous-Châteauneuf,55,100,45
Orion,155,200,45
Aïcirits-Camou-Suhast,655,700,45
Bordères,655,700,45
Sère-Lanso,55,100,45
Aspin-Aure,55,100,45
Gayan,255,300,45
Felluns,55,100,45
Osthouse,955,1000,45
Wolfisheim,3955,4000,45
Zimmerbach,855,900,45
Muhlbach-sur-Munster,755,800,45
Heimersdorf,655,700,45
Rombach-le-Franc,855,900,45
Saint-Clément-les-Places,655,700,45
Vellechevreux-et-Courbenans,155,200,45
Faymont,255,300,45
Morlet,55,100,45
Marolles-les-Braults,2155,2200,45
Saint-Jean-des-Échelles,255,300,45
Semur-en-Vallon,455,500,45
Saint-Pavace,1855,1900,45
La Chapelle-du-Mont-du-Chat,255,300,45
Freulleville,355,400,45
Malleville-les-Grès,155,200,45
Laval-en-Brie,455,500,45
Frétoy,155,200,45
Sainte-Radegonde,1955,2000,45
Crézières,55,100,45
Béhencourt,355,400,45
Crémery,155,200,45
Marquivillers,155,200,45
Faverolles,155,200,45
Vrély,455,500,45
Bayonvillers,355,400,45
Laviéville,155,200,45
Humbercourt,255,300,45
Saint-Pierre-du-Chemin,1355,1400,45
Pindray,255,300,45
Couhé,1855,1900,45
Romagne,855,900,45
Saint-Junien,11455,11500,45
Villefavard,155,200,45
Pierrepont-sur-l'Arentèle,155,200,45
Méménil,155,200,45
Montmotier,55,100,45
Dommartin-lès-Vallois,55,100,45
Offroicourt,155,200,45
Châtas,55,100,45
Cruzy-le-Châtel,255,300,45
Saint-Maurice-aux-Riches-Hommes,455,500,45
Lepuix,1155,1200,45
Dorans,555,600,45
La Forêt-Sainte-Croix,155,200,45
Quasquara,55,100,45
Quercitello,55,100,45
Outriaz,256,300,44
Condé-en-Brie,656,700,44
Presles-et-Boves,356,400,44
Chevresis-Monceau,356,400,44
Celles-sur-Aisne,256,300,44
Venizel,1356,1400,44
Saint-Jacques,56,100,44
Barles,156,200,44
Brunet,256,300,44
Moydans,56,100,44
Belvédère,656,700,44
Laval-d'Aurelle,56,100,44
Le Chambon,56,100,44
Chirols,256,300,44
Albon-d'Ardèche,156,200,44
Hannappes,156,200,44
Faux,56,100,44
Grandpré,456,500,44
Tourtouse,156,200,44
Benagues,456,500,44
Vitry-le-Croisé,256,300,44
Montigny-les-Monts,256,300,44
Ginoles,356,400,44
Gourvieille,56,100,44
Montgaillard,56,100,44
Coustaussa,56,100,44
Bessède-de-Sault,56,100,44
Laguiole,1256,1300,44
Crespin,256,300,44
Salvagnac-Cajarc,356,400,44
Bréville-les-Monts,656,700,44
Soliers,2156,2200,44
Saint-Chamant,256,300,44
Paulhac,456,500,44
Leynhac,356,400,44
Le Grand-Madieu,156,200,44
La Rochette,556,600,44
Pillac,256,300,44
Montjean,256,300,44
Ébréon,156,200,44
Bonneville,156,200,44
La Brée-les-Bains,756,800,44
Chassy,256,300,44
Saint-Aulaire,856,900,44
Chavanac,56,100,44
Savolles,156,200,44
Pichanges,256,300,44
Villars-et-Villenotte,156,200,44
Moutiers-Saint-Jean,256,300,44
Montlay-en-Auxois,156,200,44
Saint-Pantaly-d'Excideuil,156,200,44
Coulounieix-Chamiers,8356,8400,44
Sainte-Radegonde,56,100,44
Chalèze,356,400,44
Durnes,156,200,44
Chenecey-Buillon,556,600,44
Beure,1356,1400,44
Hostun,956,1000,44
Montlaur-en-Diois,156,200,44
Heubécourt-Haricourt,456,500,44
Douains,456,500,44
Ivry-la-Bataille,2556,2600,44
Santilly,356,400,44
Cardeilhac,256,300,44
Varennes,256,300,44
Saint-Bertrand-de-Comminges,256,300,44
La Sauvetat,356,400,44
Sabaillan,156,200,44
Antras,56,100,44
Projan,156,200,44
Le Verdon-sur-Mer,1356,1400,44
Tabanac,1056,1100,44
Castelmoron-d'Albret,56,100,44
Saint-Maurice-Navacelles,156,200,44
Rannée,1156,1200,44
Montgermont,3056,3100,44
Landéan,1256,1300,44
Paulnay,356,400,44
Neuvy-le-Roi,1156,1200,44
Chenonceaux,356,400,44
Orbigny,756,800,44
Voiteur,756,800,44
Senaud,56,100,44
Montaut,556,600,44
Villiersfaux,256,300,44
Nollieux,156,200,44
Cleppé,556,600,44
Paulhac,656,700,44
Bagnac-sur-Célé,1556,1600,44
Fontanès,456,500,44
Esclottes,156,200,44
Rieutort-de-Randon,756,800,44
Le Bleymard,356,400,44
Saint-Martin-de-la-Place,1156,1200,44
Soulaines-sur-Aubance,1156,1200,44
Gené,456,500,44
Fougeré,756,800,44
Aucey-la-Plaine,456,500,44
Angoville-sur-Ay,256,300,44
Baubigny,156,200,44
Portbail,1656,1700,44
Maupertus-sur-Mer,256,300,44
Courjeonnet,56,100,44
Corribert,56,100,44
Chapelaine,56,100,44
Courtagnon,56,100,44
Laval-sur-Tourbe,56,100,44
Verzy,1056,1100,44
Le Châtelier,56,100,44
Aulnoy-sur-Aube,56,100,44
Riaucourt,456,500,44
Saulles,56,100,44
Champigneulles-en-Bassigny,56,100,44
Ternat,56,100,44
Savigny,56,100,44
Craon,4556,4600,44
Marigné-Peuton,556,600,44
Haigneville,56,100,44
Crézilles,256,300,44
Val-et-Châtillon,656,700,44
Serres,256,300,44
Méhoncourt,256,300,44
Leyr,956,1000,44
Baccarat,4656,4700,44
Ville-devant-Chaumont,56,100,44
Rupt-sur-Othain,56,100,44
Foucaucourt-sur-Thabas,56,100,44
Sivry-la-Perche,256,300,44
Concoret,756,800,44
Hommert,356,400,44
Richeling,356,400,44
Planchez,356,400,44
Saint-Firmin,156,200,44
Beaurepaire,56,100,44
Haleine,256,300,44
Maison-Maugis,56,100,44
Tramecourt,56,100,44
Bouin-Plumoison,456,500,44
Wissant,1056,1100,44
Inghem,356,400,44
Quernes,456,500,44
Volvic,4556,4600,44
Mont-Dore,1356,1400,44
Castillon (Canton de Lembeye),56,100,44
Gelos,3656,3700,44
Ansost,56,100,44
Vielle-Aure,356,400,44
Berbérust-Lias,56,100,44
Peyret-Saint-André,56,100,44
Saint-Martin,56,100,44
Estoher,156,200,44
Romanswiller,1356,1400,44
Pfulgriesheim,1256,1300,44
Dieffenthal,256,300,44
Weitbruch,2656,2700,44
Sondernach,656,700,44
Munwiller,456,500,44
Bouxwiller,456,500,44
Saint-Laurent-de-Vaux,256,300,44
Villers-sur-Saulnot,156,200,44
Velleguindry-et-Levrecey,156,200,44
Hautevelle,256,300,44
Hurecourt,56,100,44
Mont-le-Vernois,156,200,44
Montreuil-le-Henri,256,300,44
Cohennoz,156,200,44
Choisy,1556,1600,44
Haucourt,256,300,44
Bailly-en-Rivière,556,600,44
Cany-Barville,3056,3100,44
Villuis,256,300,44
Médan,1456,1500,44
Coutières,156,200,44
Tilloy-lès-Conty,256,300,44
Sailly-le-Sec,356,400,44
Cerisy-Buleux,256,300,44
Beauchamps,1056,1100,44
Ramburelles,256,300,44
Wiencourt-l'Équipée,256,300,44
Yzengremer,556,600,44
Teillet,456,500,44
Assac,156,200,44
Arifat,156,200,44
Saint-Salvy-de-la-Balme,556,600,44
Gigondas,556,600,44
Gignac,56,100,44
Fleix,156,200,44
Saint-Christophe,356,400,44
Saulxures-lès-Bulgnéville,256,300,44
Vomécourt,256,300,44
Coulanges-sur-Yonne,556,600,44
La Belliole,256,300,44
Felon,256,300,44
Chatignonville,56,100,44
Rosazia,56,100,44
Porri,56,100,44
Montréal-la-Cluse,3457,3500,43
Lantenay,257,300,43
Pollieu,157,200,43
Cheignieu-la-Balme,157,200,43
Sommelans,57,100,43
Dorengt,157,200,43
Montloué,157,200,43
Veslud,257,300,43
Marcy,157,200,43
Nizy-le-Comte,257,300,43
Faucon-du-Caire,57,100,43
Verdaches,57,100,43
Chabottes,757,800,43
Saint-Véran,257,300,43
Villar-Saint-Pancrace,1457,1500,43
Gilhac-et-Bruzac,157,200,43
Cernion,57,100,43
Grandham,57,100,43
Thin-le-Moutier,557,600,43
Imécourt,57,100,43
Vieux-lès-Asfeld,257,300,43
Montoulieu,357,400,43
Bouy-sur-Orvin,57,100,43
Buxières-sur-Arce,157,200,43
Hampigny,257,300,43
Generville,57,100,43
Villautou,57,100,43
Vimenet,257,300,43
Campuac,457,500,43
Taussac,457,500,43
Fos-sur-Mer,15357,15400,43
Sainte-Marguerite-d'Elle,757,800,43
Formigny,257,300,43
Deux-Verges,57,100,43
Vieillespesse,257,300,43
Le Chautay,257,300,43
Reigny,257,300,43
Lazenay,357,400,43
La Perche,257,300,43
Darazac,157,200,43
La Roche-Canillac,157,200,43
Lignareix,157,200,43
Fixin,757,800,43
Montceau-et-Écharnant,157,200,43
Saint-Aubin,257,300,43
Saint-Anthot,57,100,43
Saint-Méloir-des-Bois,257,300,43
Chéniers,557,600,43
Évaux-les-Bains,1457,1500,43
Moutier-d'Ahun,157,200,43
Bayac,357,400,43
Saint-Jory-las-Bloux,257,300,43
Champeaux-et-la-Chapelle-Pommier,157,200,43
La Cassagne,157,200,43
Fontenotte,57,100,43
Die,4357,4400,43
Montguers,57,100,43
Aix-en-Diois,357,400,43
Chaudebonne,57,100,43
Saint-Aubin-du-Thenney,357,400,43
Cierrey,657,700,43
Mottereau,157,200,43
Montigny-sur-Avre,257,300,43
Jaudrais,357,400,43
Caraman,2357,2400,43
Lescuns,57,100,43
Canens,57,100,43
Ponlat-Taillebourg,557,600,43
Saint-Rome,57,100,43
Lahitte,257,300,43
Saint-Justin,157,200,43
Lavalette,57,100,43
Saint-Michel,57,100,43
Thizay,257,300,43
Urciers,257,300,43
Saint-Martin-le-Vinoux,5357,5400,43
Lavaldens,157,200,43
Colonne,257,300,43
Besain,157,200,43
Champvans,1357,1400,43
Châtel-de-Joux,57,100,43
Laglorieuse,557,600,43
Cernoy-en-Berry,457,500,43
Condezaygues,857,900,43
Bourlens,357,400,43
Pontigné,257,300,43
Chaudefonds-sur-Layon,957,1000,43
Ferrières,57,100,43
Saint-Patrice-de-Claids,157,200,43
Laulne,157,200,43
La Meurdraquière,157,200,43
Boutteville,57,100,43
Audouville-la-Hubert,57,100,43
Giffaumont-Champaubert,257,300,43
Givry-en-Argonne,457,500,43
La Neuville-aux-Larris,157,200,43
Giey-sur-Aujon,157,200,43
Maranville,457,500,43
Magneux,157,200,43
Denazé,157,200,43
Bertrambois,357,400,43
Dommartin-sous-Amance,257,300,43
Veney,57,100,43
Saint-Clément,857,900,43
Brémoncourt,157,200,43
Charmois,157,200,43
Ozerailles,157,200,43
Lavoye,157,200,43
Dainville-Bertheléville,157,200,43
Bellange,57,100,43
Pournoy-la-Chétive,657,700,43
Lindre-Haute,57,100,43
Asnois,157,200,43
Zuytpeene,557,600,43
Gœulzin,1057,1100,43
Ennevelin,2157,2200,43
Baives,157,200,43
Phalempin,4457,4500,43
Maulde,957,1000,43
Linselles,8257,8300,43
Bosse,457,500,43
Montgérain,157,200,43
Maisoncelle-Saint-Pierre,157,200,43
Sully,157,200,43
Halloy,457,500,43
Eps,257,300,43
Rang-du-Fliers,4057,4100,43
Rumilly,257,300,43
Givenchy-en-Gohelle,2057,2100,43
Bailleul-Sir-Berthoult,1257,1300,43
Sauchy-Lestrée,457,500,43
Saint-Éloy-les-Mines,3657,3700,43
Saint-Gervais-sous-Meymont,257,300,43
Saint-Avit,257,300,43
Saint-Abit,357,400,43
Escurès,157,200,43
Gayon,57,100,43
Boueilh-Boueilho-Lasque,357,400,43
Saint-Sever-de-Rustan,157,200,43
Adast,257,300,43
Lamarque-Rustaing,57,100,43
Ségus,257,300,43
Génos,157,200,43
Ferrère,57,100,43
Campan,1457,1500,43
Espèche,57,100,43
Saint-Pé-de-Bigorre,1257,1300,43
Cassagnes,257,300,43
Tarerach,57,100,43
Prunet-et-Belpuig,57,100,43
Llo,157,200,43
Zittersheim,257,300,43
Kilstett,2357,2400,43
Cours-la-Ville,3857,3900,43
Vantoux-et-Longevelle,157,200,43
Larret,57,100,43
Esmoulins,157,200,43
Broye-Aubigney-Montseugny,457,500,43
Pont-sur-l'Ognon,57,100,43
Bousseraucourt,57,100,43
Saint-André-le-Désert,257,300,43
Donzy-le-Pertuis,157,200,43
Avèze,757,800,43
Machilly,957,1000,43
Petiville,1057,1100,43
Sotteville-sur-Mer,357,400,43
Clos-Fontaine,257,300,43
Villebéon,457,500,43
Brion-près-Thouet,757,800,43
Hanc,257,300,43
Picquigny,1357,1400,43
Lesbœufs,157,200,43
Ailly-sur-Somme,3157,3200,43
Moislains,1257,1300,43
Favières,457,500,43
Fressenneville,2257,2300,43
Gapennes,257,300,43
Hesbécourt,57,100,43
Castelnau-de-Montmiral,957,1000,43
Montauriol,57,100,43
Espérausses,157,200,43
Bardigues,257,300,43
Leigné-sur-Usseau,457,500,43
Le Dorat,1757,1800,43
Tersannes,157,200,43
Bouzemont,57,100,43
Celles-sur-Plaine,857,900,43
Valleroy-le-Sec,157,200,43
Censy,57,100,43
La Ferté-Loupière,557,600,43
Soisy-sur-École,1357,1400,43
Orto,57,100,43
Sampolo,57,100,43
Granace,57,100,43
Nurieux-Volognat,1058,1100,42
Saulchery,658,700,42
Quincy-Basse,58,100,42
Cerizy,58,100,42
Montigny-le-Franc,158,200,42
Ville-Savoye,58,100,42
Noroy-sur-Ourcq,158,200,42
Treteau,558,600,42
Saint-Germain-des-Fossés,3658,3700,42
La Rochette,58,100,42
Barras,158,200,42
Saint-Étienne-en-Dévoluy,558,600,42
Saint-Pierre-d'Argençon,158,200,42
Lyas,558,600,42
Champigneulle,58,100,42
Neufmaison,58,100,42
Puilly-et-Charbeaux,258,300,42
Signy-l'Abbaye,1358,1400,42
Flize,1158,1200,42
Lieurac,158,200,42
La Bastide-de-Sérou,958,1000,42
Coutens,158,200,42
Dierrey-Saint-Julien,258,300,42
Urville,158,200,42
Saint-Jean-d'Alcapiès,258,300,42
Montagnol,158,200,42
La Bazoque,158,200,42
Soulangy,258,300,42
Bretteville-le-Rabet,258,300,42
Asnières-en-Bessin,58,100,42
Bernières-d'Ailly,258,300,42
Paulhenc,258,300,42
Lacapelle-Barrès,58,100,42
Ally,658,700,42
Salers,358,400,42
Montbron,2158,2200,42
Bazac,158,200,42
Tonnay-Boutonne,1158,1200,42
Salignac-de-Mirambeau,158,200,42
Tonnay-Charente,7758,7800,42
Antezant-la-Chapelle,358,400,42
Sury-près-Léré,558,600,42
Veaugues,658,700,42
Vitrac-sur-Montane,258,300,42
Meuilley,458,500,42
Aloxe-Corton,158,200,42
Flacey,158,200,42
Magny-lès-Villers,258,300,42
Lamargelle,158,200,42
Esbarres,758,800,42
Treffrin,558,600,42
Saint-Péver,358,400,42
Pontarion,358,400,42
Puyrenier,58,100,42
Clermont-d'Excideuil,258,300,42
Monmarvès,58,100,42
Villars,458,500,42
Orliac,58,100,42
Thonac,258,300,42
Saint-Front-d'Alemps,258,300,42
Longechaux,58,100,42
Battenans-les-Mines,58,100,42
Malans,158,200,42
Montrond-le-Château,558,600,42
Bugny,158,200,42
Lesches-en-Diois,58,100,42
Vieux-Port,58,100,42
Panilleuse,458,500,42
Moulhard,158,200,42
Castelgaillard,58,100,42
Polastron,58,100,42
Touille,258,300,42
Clarac,558,600,42
Lamaguère,58,100,42
Plaisance,1458,1500,42
Caumont,158,200,42
Rouet,58,100,42
Rimou,358,400,42
Louvigné-du-Désert,3758,3800,42
Lignac,558,600,42
Saint-Hilaire-sur-Benaize,358,400,42
Beaumont-Village,258,300,42
Ports,358,400,42
Saunay,658,700,42
Conte,58,100,42
Ivrey,58,100,42
Plénise,58,100,42
Mouscardès,258,300,42
Montoire-sur-le-Loir,4058,4100,42
Couffy,558,600,42
Saint-Rirand,158,200,42
Fontannes,1058,1100,42
Saint-Front,458,500,42
Mézères,158,200,42
La Chapelle-Bertin,58,100,42
Lavau-sur-Loire,758,800,42
Pontcirq,158,200,42
Cadrieu,158,200,42
Saint-Géry,458,500,42
Saint-Chels,158,200,42
Chasseradès,158,200,42
Prinsuéjols,158,200,42
Saint-Frézal-de-Ventalon,158,200,42
Chazé-Henry,858,900,42
Champeaux,358,400,42
Le Plessis-Lastelle,258,300,42
Sainte-Marie-du-Bois,58,100,42
Sermiers,558,600,42
Bazancourt,1958,2000,42
Saint-Saturnin,58,100,42
Nesle-le-Repons,158,200,42
Unchair,158,200,42
Rouécourt,58,100,42
Ozières,58,100,42
Malaincourt-sur-Meuse,58,100,42
Perthes,558,600,42
Ampoigné,558,600,42
Gélaucourt,58,100,42
Dieulouard,4558,4600,42
Sexey-aux-Forges,658,700,42
Bauzemont,158,200,42
Bey-sur-Seille,158,200,42
Mailly-sur-Seille,258,300,42
Rigny-Saint-Martin,58,100,42
Nepvant,58,100,42
Cierges-sous-Montfaucon,58,100,42
Saint-André-en-Barrois,58,100,42
Saint-Pierre-Quiberon,2158,2200,42
Henridorff,658,700,42
Launstroff,258,300,42
Obervisse,158,200,42
Kemplich,158,200,42
Hundling,1358,1400,42
Folkling,1358,1400,42
Rorbach-lès-Dieuze,58,100,42
Saint-Maurice,58,100,42
Billy-Chevannes,358,400,42
Wattignies-la-Victoire,258,300,42
Morbecque,2658,2700,42
Saint-Aybert,358,400,42
Raillencourt-Sainte-Olle,2358,2400,42
Avesnes-le-Sec,1358,1400,42
Frocourt,558,600,42
Le Theil,1858,1900,42
Saint-Ellier-les-Bois,258,300,42
Saint-Paul,658,700,42
Cuinchy,1758,1800,42
Quilen,58,100,42
Tilly-Capelle,158,200,42
Audincthun,658,700,42
La Tour-d'Auvergne,658,700,42
Compains,158,200,42
Égliseneuve-d'Entraigues,458,500,42
Saint-Victor-Montvianeix,258,300,42
Ceilloux,158,200,42
Burosse-Mendousse,58,100,42
Barraute-Camu,158,200,42
Moncaup,158,200,42
Troubat,58,100,42
Lugagnan,158,200,42
Bordères-Louron,158,200,42
Sahorre,358,400,42
Westhouse-Marmoutier,258,300,42
Feldbach,458,500,42
Plainemont,58,100,42
Saint-Martin-du-Tartre,158,200,42
La Chapelle-au-Mans,258,300,42
Cussy-en-Morvan,458,500,42
Flée,558,600,42
Bernay-en-Champagne,458,500,42
Sainte-Reine,158,200,42
Saint-Cassin,758,800,42
Montendry,58,100,42
Champanges,858,900,42
Foucart,358,400,42
Ricarville-du-Val,158,200,42
Varreddes,1858,1900,42
Aulnay-sur-Mauldre,1158,1200,42
Auteuil,858,900,42
Ulcot,58,100,42
Prailles,658,700,42
Maisonnay,258,300,42
Saint-Maulvis,258,300,42
Chuignolles,158,200,42
Jumel,358,400,42
Briquemesnil-Floxicourt,158,200,42
Aizecourt-le-Bas,58,100,42
Long,658,700,42
Villers-Faucon,658,700,42
Maucourt,158,200,42
Cumont,58,100,42
Crestet,458,500,42
Dinsac,258,300,42
Bertrimoutier,358,400,42
Remomeix,458,500,42
Champdray,158,200,42
Saint-Pierremont,158,200,42
Denipaire,258,300,42
Vecoux,958,1000,42
Maxey-sur-Meuse,258,300,42
Chambeugle,58,100,42
Quenne,458,500,42
Percey,258,300,42
Saint-Martin-sur-Ocre,58,100,42
Bussy-en-Othe,758,800,42
Mailly-la-Ville,558,600,42
Lichères-sur-Yonne,58,100,42
Ronquerolles,858,900,42
Saint-Gervais,958,1000,42
Rezza,58,100,42
Cargiaca,58,100,42
Noceta,58,100,42
Cormaranche-en-Bugey,859,900,41
Lhôpital,59,100,41
Saint-Algis,159,200,41
Bézu-le-Guéry,259,300,41
Charmes,1659,1700,41
Lesquielles-Saint-Germain,859,900,41
Saponay,259,300,41
Marizy-Saint-Mard,59,100,41
Dolignon,59,100,41
Artemps,359,400,41
Concevreux,259,300,41
Brie,59,100,41
Vaux-Andigny,959,1000,41
L'Épine-aux-Bois,259,300,41
Sainte-Colombe,59,100,41
La Rochette,59,100,41
Peaugres,1959,2000,41
Tannay,159,200,41
Artaise-le-Vivier,59,100,41
Monthermé,2459,2500,41
Seuil,159,200,41
Esplas-de-Sérou,159,200,41
Bagert,59,100,41
Arabaux,59,100,41
Coussegrey,159,200,41
Mesnil-Lettre,59,100,41
Balnot-sur-Laignes,159,200,41
Verdun-en-Lauragais,259,300,41
Ladern-sur-Lauquet,259,300,41
Montgradail,59,100,41
Saint-Polycarpe,159,200,41
Sonnac-sur-l'Hers,159,200,41
Montpeyroux,559,600,41
Bozouls,2759,2800,41
Saint-Germain-de-Montgommery,159,200,41
Le Fournet,59,100,41
Le Reculey,259,300,41
Le Plessis-Grimoult,359,400,41
Pailherols,159,200,41
Lugarde,159,200,41
Saint-Constant,559,600,41
Montmoreau-Saint-Cybard,1059,1100,41
Saint-Julien-de-l'Escap,859,900,41
Saint-Germain-du-Seudre,359,400,41
Bresdon,259,300,41
Saint-Georges-des-Agoûts,259,300,41
Saint-Thomas-de-Conac,559,600,41
Preuilly,459,500,41
Foëcy,2059,2100,41
Savigny-en-Septaine,659,700,41
Aubinges,359,400,41
Villabon,559,600,41
Neuvy-le-Barrois,159,200,41
Bouix,159,200,41
Lucey,59,100,41
Painblanc,159,200,41
Thomirey,59,100,41
Plouguernével,1759,1800,41
Kergrist-Moëlou,659,700,41
Banize,159,200,41
Anzême,559,600,41
Saint-Hilaire-le-Château,259,300,41
Saint-Quentin-la-Chabanne,359,400,41
Escoire,459,500,41
Lalinde,2959,3000,41
Villefranche-du-Périgord,759,800,41
Sauvagney,159,200,41
Barsac,159,200,41
Barcelonne,359,400,41
Cahaignes,359,400,41
Saint-Léger-du-Gennetey,159,200,41
Croth,1259,1300,41
La Pyle,159,200,41
Noards,59,100,41
Authevernes,359,400,41
Beaumont-les-Autels,459,500,41
Hanvec,1959,2000,41
Carhaix-Plouguer,7659,7700,41
Valleraugue,1059,1100,41
Bordezac,359,400,41
Lafitte-Vigordane,1059,1100,41
Goutevernisse,159,200,41
Bachas,59,100,41
Taybosc,59,100,41
Nizas,159,200,41
Nérigean,859,900,41
Saint-Exupéry,159,200,41
Sainte-Radegonde,459,500,41
Épeigné-sur-Dême,159,200,41
Saint-Pierre-d'Entremont,559,600,41
Corrençon-en-Vercors,359,400,41
Auberives-en-Royans,359,400,41
Pretin,59,100,41
Entre-deux-Monts,159,200,41
Amou,1559,1600,41
Maurrin,459,500,41
La Talaudière,6459,6500,41
Saint-Priest-la-Prugne,459,500,41
La Chambonie,59,100,41
Belleroche,259,300,41
Berbezit,59,100,41
Beaugency,7659,7700,41
Ramoulu,259,300,41
Faverelles,159,200,41
Conflans-sur-Loing,359,400,41
Fargues,159,200,41
Fauillet,859,900,41
Saint-Georges-de-Lévéjac,259,300,41
Le Plessis-Macé,1259,1300,41
Aubigné-sur-Layon,359,400,41
Marcé,859,900,41
Herqueville,159,200,41
Bellefontaine,159,200,41
Buais,559,600,41
Congy,259,300,41
Maffrécourt,59,100,41
Selles,359,400,41
Pocancy,159,200,41
Brandonvillers,159,200,41
Dommarien,159,200,41
Fontaines-sur-Marne,159,200,41
Pettonville,59,100,41
Nançois-le-Grand,59,100,41
Azannes-et-Soumazannes,159,200,41
Broussey-en-Blois,59,100,41
Tréal,659,700,41
Remungol,959,1000,41
Loutzviller,159,200,41
Bisten-en-Lorraine,259,300,41
Charleville-sous-Bois,259,300,41
Falck,2559,2600,41
Saint-Agnan,159,200,41
Alligny-en-Morvan,659,700,41
Monceaux-le-Comte,159,200,41
Chazeuil,59,100,41
Pougues-les-Eaux,2459,2500,41
Obrechies,259,300,41
Drincham,259,300,41
Boussois,3259,3300,41
Rouvignies,659,700,41
Fontaine-Bonneleau,259,300,41
Raray,159,200,41
Omécourt,159,200,41
Réveillon,359,400,41
Rônai,159,200,41
La Courbe,59,100,41
Mont-Ormel,59,100,41
Tanville,259,300,41
Souastre,359,400,41
La Herlière,159,200,41
Torcy,159,200,41
Ostreville,259,300,41
Sainte-Catherine,59,100,41
Saint-Girons-en-Béarn,159,200,41
Méharin,259,300,41
Borce,159,200,41
Sarrouilles,559,600,41
Pinas,459,500,41
Tuzaguet,459,500,41
Labassère,259,300,41
Hohfrankenheim,259,300,41
Vendenheim,5559,5600,41
Donnenheim,259,300,41
Neuhaeusel,359,400,41
Neubois,659,700,41
Helfrantzkirch,759,800,41
Schwoben,259,300,41
Kientzheim,759,800,41
Monsols,959,1000,41
Betaucourt,159,200,41
Vallerois-le-Bois,259,300,41
Passavant-la-Rochère,659,700,41
Colombotte,59,100,41
Secenans,159,200,41
Saint-Martin-du-Lac,259,300,41
Fourneaux,759,800,41
Monthion,459,500,41
Allèves,359,400,41
Usinens,359,400,41
Fontaine-en-Bray,159,200,41
Cailleville,259,300,41
Servaville-Salmonville,1059,1100,41
Omonville,259,300,41
Sauqueville,359,400,41
Rogerville,1259,1300,41
Congis-sur-Thérouanne,1759,1800,41
La Chapelle-Iger,159,200,41
Saint-Germain-sur-École,359,400,41
Saint-Ouen-sur-Morin,559,600,41
Adainville,759,800,41
Saint-Marc-la-Lande,359,400,41
Noyelles-en-Chaussée,259,300,41
Yvrencheux,159,200,41
Bergicourt,159,200,41
Sainte-Segrée,59,100,41
Cayriech,259,300,41
Curzon,459,500,41
La Roche-Posay,1559,1600,41
Champniers,359,400,41
Pont-sur-Madon,159,200,41
Raon-sur-Plaine,159,200,41
Ameuvelle,59,100,41
Fignévelle,59,100,41
Ahéville,59,100,41
Madecourt,59,100,41
Fraize,3059,3100,41
Hautmougey,159,200,41
Attigny,259,300,41
Saint-Privé,559,600,41
Courson-les-Carrières,859,900,41
Olivese,259,300,41
Nocario,59,100,41
Rogliano,559,600,41
Castifao,159,200,41
Servignat,160,200,40
Maast-et-Violaine,160,200,40
Chézy-en-Orxois,360,400,40
Vaudesson,260,300,40
Mont-d'Origny,860,900,40
Chamouille,260,300,40
Boucé,560,600,40
Ferrières-sur-Sichon,560,600,40
Sazeret,160,200,40
Molinet,1160,1200,40
Malijai,1960,2000,40
La Bollène-Vésubie,560,600,40
Gars,60,100,40
Lalouvesc,460,500,40
Mariac,660,700,40
Saint-Julien-du-Gua,160,200,40
Labégude,1360,1400,40
Tremblois-lès-Rocroi,160,200,40
La Chapelle,160,200,40
Banogne-Recouvrance,160,200,40
Maubert-Fontaine,1060,1100,40
Bourcq,60,100,40
Étrépigny,260,300,40
Sabarat,360,400,40
Baulou,160,200,40
Ercé,560,600,40
Dommartin-le-Coq,60,100,40
Brienne-le-Château,3060,3100,40
Montmartin-le-Haut,60,100,40
Avreuil,160,200,40
Puilaurens,260,300,40
Morlhon-le-Haut,560,600,40
Fayet,260,300,40
Pierrefitte-en-Cinglais,260,300,40
Basseneville,260,300,40
Soumont-Saint-Quentin,560,600,40
Saint-Illide,660,700,40
Le Monteil,260,300,40
Linars,2060,2100,40
Édon,260,300,40
Fouquebrune,660,700,40
Tugéras-Saint-Maurice,360,400,40
Annezay,160,200,40
Montguyon,1460,1500,40
Le Noyer,260,300,40
Branceilles,260,300,40
Saint-Hilaire-les-Courbes,160,200,40
Villotte-Saint-Seine,60,100,40
Sainte-Colombe,60,100,40
Massingy,160,200,40
Boudreville,60,100,40
Saint-Seine-l'Abbaye,360,400,40
Buffon,160,200,40
Saint-Guen,460,500,40
Saint-Gouéno,660,700,40
Janaillat,360,400,40
Bord-Saint-Georges,360,400,40
Montboucher,360,400,40
Ars,260,300,40
Savignac-de-Miremont,160,200,40
Saint-Aulaye,1360,1400,40
Saint-Paul-de-Serre,260,300,40
Vaunac,260,300,40
Saint-Pierre-de-Côle,460,500,40
Champlive,260,300,40
Étouvans,760,800,40
Vaux-les-Prés,360,400,40
Franois,1860,1900,40
Belmont,60,100,40
Sancey-le-Long,360,400,40
Froidevaux,60,100,40
Saint-Andéol,60,100,40
Gas,760,800,40
Louvilliers-lès-Perche,160,200,40
Châtillon-en-Dunois,760,800,40
Lannéanou,360,400,40
Bez-et-Esparon,360,400,40
Lunax,60,100,40
Monestrol,60,100,40
Nénigan,60,100,40
Aulon,360,400,40
Frontignan-Savès,60,100,40
Saint-Christaud,260,300,40
Martisserre,60,100,40
Seysses-Savès,260,300,40
Aux-Aussat,260,300,40
Saint-Estèphe,1660,1700,40
Cars,1160,1200,40
Gensac,860,900,40
Saint-Aubin-de-Branne,360,400,40
Étauliers,1660,1700,40
Vouillon,260,300,40
Thevet-Saint-Julien,460,500,40
Saint-Martin-de-Clelles,160,200,40
Saint-Paul-lès-Monestier,260,300,40
Vertrieu,660,700,40
Ruffey-sur-Seille,760,800,40
Buvilly,360,400,40
Avignon-lès-Saint-Claude,360,400,40
Bois-de-Gand,60,100,40
Cogna,260,300,40
Serres-Gaston,360,400,40
Losse,260,300,40
Lissac,260,300,40
Montcorbon,460,500,40
Mardié,2560,2600,40
Mézières-en-Gâtinais,260,300,40
Duravel,960,1000,40
Grandrieu,760,800,40
Barjac,660,700,40
Prévenchères,260,300,40
Seiches-sur-le-Loir,2960,3000,40
La Pellerine,160,200,40
Morville,260,300,40
Montpinchon,560,600,40
Montmartin-en-Graignes,560,600,40
Tocqueville,260,300,40
Gonfreville,160,200,40
Gorges,360,400,40
Remilly-sur-Lozon,660,700,40
Écury-sur-Coole,460,500,40
Châlons-sur-Vesle,160,200,40
Savigny-sur-Ardres,260,300,40
Palaiseul,60,100,40
Autigny-le-Grand,160,200,40
Brachay,60,100,40
Mathons,60,100,40
Vauxbons,60,100,40
Poinson-lès-Grancey,60,100,40
Livré-la-Touche,760,800,40
Clérey-sur-Brenon,60,100,40
Montreux,60,100,40
Bathelémont,60,100,40
Fléville-devant-Nancy,2360,2400,40
Noviant-aux-Prés,260,300,40
Tiercelet,660,700,40
Reillon,60,100,40
Brainville,160,200,40
Iré-le-Sec,160,200,40
Maucourt-sur-Orne,60,100,40
Saint-Pierrevillers,160,200,40
Charny-sur-Meuse,560,600,40
Savonnières-en-Perthois,460,500,40
Villers-devant-Dun,60,100,40
Saint-Aignan,660,700,40
Rochefort-en-Terre,660,700,40
Etting,760,800,40
Fossieux,160,200,40
Aube,260,300,40
Solgne,1060,1100,40
Dalem,660,700,40
Bourdonnay,260,300,40
Marsal,260,300,40
Servigny-lès-Raville,360,400,40
Onlay,160,200,40
Tracy-sur-Loire,960,1000,40
Neuville-sur-Escaut,2560,2600,40
Esnes,660,700,40
Lieu-Saint-Amand,1260,1300,40
Blécourt,360,400,40
Bailleul-le-Soc,660,700,40
Montépilloy,160,200,40
Saint-Cyr-la-Rosière,260,300,40
Saint-Didier-sous-Écouves,160,200,40
Saint-Germain-de-Clairefeuille,160,200,40
Aunou-sur-Orne,260,300,40
Joué-du-Plain,260,300,40
La Thieuloye,460,500,40
Haut-Loquin,160,200,40
Plouvain,460,500,40
Prondines,260,300,40
Saint-Étienne-sur-Usson,260,300,40
Larreule,160,200,40
Saint-Jean-le-Vieux,860,900,40
Lys,360,400,40
Argelos,260,300,40
Castet,160,200,40
Bareilles,60,100,40
Devèze,60,100,40
Armenteule,60,100,40
Aucun,260,300,40
Pézilla-de-Conflent,60,100,40
Maury,860,900,40
Triembach-au-Val,460,500,40
Sparsbach,260,300,40
Urbès,460,500,40
Elbach,260,300,40
Dampierre-lès-Conflans,260,300,40
Éhuns,260,300,40
Crevans-et-la-Chapelle-lès-Granges,260,300,40
Lieffrans,60,100,40
Berzé-le-Châtel,60,100,40
Châtenay,160,200,40
Épertully,60,100,40
Saint-Didier-en-Bresse,160,200,40
Vindecy,260,300,40
La Racineuse,160,200,40
Bourbon-Lancy,5260,5300,40
Passy,60,100,40
Saint-Rémy-de-Sillé,760,800,40
Saint-Pierre-de-Chevillé,360,400,40
Souligné-sous-Ballon,1160,1200,40
Longnes,360,400,40
Tournon,560,600,40
Montaimont,160,200,40
Longueil,560,600,40
Lintot,460,500,40
Ermenouville,160,200,40
Saint-Ouen-du-Breuil,760,800,40
Brametot,160,200,40
Treuzy-Levelay,460,500,40
Blandy,760,800,40
Rochefort-en-Yvelines,960,1000,40
Saint-Aubin-le-Cloud,1760,1800,40
Vron,860,900,40
Ferrières,460,500,40
Machiel,160,200,40
Estrébœuf,260,300,40
Brassac,260,300,40
Auvillar,960,1000,40
Tréjouls,260,300,40
Cherves,560,600,40
Champagnac-la-Rivière,560,600,40
Châteauponsac,2160,2200,40
Mézières-sur-Issoire,860,900,40
Saint-Mathieu,1160,1200,40
Beaumont-du-Lac,160,200,40
Lesseux,160,200,40
Gigney,60,100,40
Pallegney,160,200,40
Étigny,760,800,40
Annay-la-Côte,360,400,40
Courgis,260,300,40
Germigny,560,600,40
Saint-Escobille,460,500,40
Authon-la-Plaine,360,400,40
Videlles,660,700,40
Le Val-Saint-Germain,1460,1500,40
Sagy,1160,1200,40
Cristinacce,60,100,40
Saint-Sorlin-en-Bugey,1061,1100,39
Souclin,261,300,39
Cuirieux,161,200,39
Beaumont-en-Beine,161,200,39
Chaudun,261,300,39
Arronnes,361,400,39
Chezelle,161,200,39
Oppedette,61,100,39
Montclar,461,500,39
Gigors,61,100,39
Montbrand,61,100,39
Viviers,3861,3900,39
Le Plagnal,61,100,39
Chatel-Chéhéry,161,200,39
Bièvres,61,100,39
Villers-le-Tilleul,261,300,39
Contrazy,61,100,39
Prayols,361,400,39
Alliat,61,100,39
Allières,61,100,39
Saint-Martin-d'Oydes,261,300,39
Montels,161,200,39
Thieffrain,161,200,39
Jeugny,461,500,39
Poivres,161,200,39
Conilhac-de-la-Montagne,61,100,39
Jonquières,61,100,39
Tauriac-de-Camarès,61,100,39
Villefranche-de-Panat,761,800,39
Arles,52661,52700,39
Litteau,261,300,39
Maisoncelles-Pelvey,261,300,39
Saint-Martin-des-Besaces,1161,1200,39
Dienne,261,300,39
Tusson,261,300,39
Theil-Rabier,161,200,39
Gardes-le-Pontaroux,261,300,39
Aignes-et-Puypéroux,261,300,39
Louzignac,161,200,39
Mazerolles,261,300,39
Nohant-en-Goût,561,600,39
Bannegon,261,300,39
Corrèze,1161,1200,39
Sainte-Marie-Lapanouze,61,100,39
Chaumeil,161,200,39
Fleurey-sur-Ouche,1161,1200,39
Vianges,61,100,39
Gevrey-Chambertin,3061,3100,39
Brazey-en-Morvan,161,200,39
Marcigny-sous-Thil,61,100,39
Bligny-le-Sec,161,200,39
Éguilly,61,100,39
Barges,461,500,39
Veilly,61,100,39
Saint-Quay-Perros,1461,1500,39
Languédias,461,500,39
Saint-Victor-en-Marche,361,400,39
Royère-de-Vassivière,561,600,39
Puy-Malsignat,161,200,39
Lavaveix-les-Mines,761,800,39
Saint-André-de-Double,161,200,39
Saint-Louis-en-l'Isle,261,300,39
Busserolles,561,600,39
Sagelat,361,400,39
Montancy,161,200,39
Orsans,161,200,39
Cussey-sur-Lison,61,100,39
Chaux-Neuve,261,300,39
Le Val-David,761,800,39
Saint-Aquilin-de-Pacy,561,600,39
Sainte-Croix-sur-Aizier,261,300,39
Muids,861,900,39
Bazoches-en-Dunois,261,300,39
Mézières-en-Drouais,1061,1100,39
Serville,361,400,39
Esparron,61,100,39
Franquevielle,361,400,39
Cier-de-Rivière,261,300,39
Gondrin,1161,1200,39
Miramont-d'Astarac,361,400,39
Mascaras,61,100,39
Roquepine,61,100,39
Boulaur,161,200,39
Avensac,61,100,39
Saint-Pey-d'Armens,261,300,39
Saint-Philippe-du-Seignal,461,500,39
Juillac,261,300,39
Puisseguin,861,900,39
Cambon-et-Salvergues,61,100,39
Buzignargues,261,300,39
Montreuil-sous-Pérouse,1061,1100,39
Le Menoux,461,500,39
Marcilly-sur-Vienne,561,600,39
Pillemoine,61,100,39
Lac-des-Rouges-Truites,361,400,39
Sergenaux,61,100,39
Montmorot,3061,3100,39
Ladoye-sur-Seille,61,100,39
Arthenas,161,200,39
Miramont-Sensacq,361,400,39
Tercis-les-Bains,1161,1200,39
Talcy,261,300,39
Saint-Nizier-sous-Charlieu,1661,1700,39
La Chapelle-Villars,561,600,39
Saint-Germain-Lespinasse,1161,1200,39
Goudet,61,100,39
Salzuit,361,400,39
Saint-Cirgues,161,200,39
Bonnœuvre,561,600,39
Préfontaines,461,500,39
Rouffilhac,161,200,39
Soturac,661,700,39
Espédaillac,261,300,39
Leyme,961,1000,39
Bournel,261,300,39
Contigné,761,800,39
Le Mesnil-Vigot,261,300,39
Perques,161,200,39
Saint-Jores,361,400,39
Montbré,261,300,39
Boursault,461,500,39
Chichey,161,200,39
Verzenay,1061,1100,39
Boulay-les-Ifs,161,200,39
Ménil,961,1000,39
Saint-Loup-du-Gast,361,400,39
Andouillé,2261,2300,39
Leintrey,161,200,39
Blémerey,61,100,39
Gélacourt,161,200,39
Houdelaincourt,361,400,39
Lachalade,61,100,39
Bislée,61,100,39
Varennes-en-Argonne,661,700,39
Marville,561,600,39
Locmariaquer,1661,1700,39
Oberdorff,361,400,39
Novéant-sur-Moselle,1961,2000,39
Jouy-aux-Arches,1561,1600,39
Many,261,300,39
Leyviller,461,500,39
Oriocourt,61,100,39
Thimonville,161,200,39
Challement,61,100,39
Bazoches,161,200,39
Brinay,161,200,39
Cizely,61,100,39
Aibes,361,400,39
Fromelles,861,900,39
Beaufort,961,1000,39
Potelle,361,400,39
Moustier-en-Fagne,61,100,39
Capelle,161,200,39
Beaumont-les-Nonains,361,400,39
Le Vauroux,461,500,39
Neuilly-sous-Clermont,1661,1700,39
Chèvreville,461,500,39
Saint-Valery,61,100,39
Oursel-Maison,261,300,39
Maimbeville,361,400,39
Canny-sur-Matz,361,400,39
Ménil-Vin,61,100,39
Glos-la-Ferrière,561,600,39
Saint-Denis-sur-Huisne,61,100,39
Hamelincourt,261,300,39
Léchelle,61,100,39
Guémappe,361,400,39
Quiestède,661,700,39
Busnes,1261,1300,39
Le Quesnoy-en-Artois,361,400,39
Quelmes,561,600,39
Noyelles-lès-Humières,61,100,39
Ancizes-Comps,1761,1800,39
Saulzet-le-Froid,261,300,39
La Cellette,161,200,39
La Sauvetat,661,700,39
Courpière,4461,4500,39
Grandeyrolles,61,100,39
Pagolle,261,300,39
Ainhice-Mongelos,161,200,39
L'Hôpital-d'Orion,161,200,39
Azet,161,200,39
Camparan,61,100,39
Trilla,61,100,39
Boule-d'Amont,61,100,39
Schwenheim,661,700,39
Sternenberg,161,200,39
Saint-Mamert,61,100,39
Courzieu,1161,1200,39
Chancey,161,200,39
Villers-Vaudey,61,100,39
Melin,61,100,39
Villars-le-Pautel,161,200,39
Ainvelle,161,200,39
Le Villars,261,300,39
Saint-Léger-sous-la-Bussière,261,300,39
Clessy,261,300,39
Cortevaix,261,300,39
Buffières,261,300,39
Massy,61,100,39
Saint-Symphorien-de-Marmagne,861,900,39
Saint-Maurice-des-Champs,61,100,39
Saint-Rémy-du-Val,561,600,39
Saint-Symphorien,561,600,39
Piacé,361,400,39
La Chartre-sur-le-Loir,1461,1500,39
Lombron,1961,2000,39
La Côte-d'Aime,861,900,39
Grésy-sur-Isère,1261,1300,39
Montricher-Albanne,661,700,39
Apremont,961,1000,39
Villard-sur-Doron,661,700,39
Villarembert,261,300,39
Anquetierville,361,400,39
Sandouville,761,800,39
Longmesnil,61,100,39
Bernières,661,700,39
Bellengreville,461,500,39
Le Mesnil-Amelot,861,900,39
Charmentray,261,300,39
Bussières,461,500,39
Montainville,561,600,39
Saint-Coutant,261,300,39
Oiron,961,1000,39
Saint-Riquier,1261,1300,39
Villers-Tournelle,161,200,39
La Chaussée-Tirancourt,661,700,39
Thièvres,61,100,39
Eppeville,1861,1900,39
Lédas-et-Penthiès,161,200,39
Auterive,61,100,39
Puygaillard-de-Lomagne,61,100,39
Aiguines,261,300,39
Goult,1161,1200,39
Moissannes,361,400,39
Gemmelaincourt,161,200,39
Puzieux,161,200,39
Rancourt,61,100,39
Trévilly,61,100,39
Compigny,161,200,39
La Chapelle-sur-Oreuse,561,600,39
Malicorne,161,200,39
Maisse,2661,2700,39
Longjumeau,21361,21400,39
Villers-en-Arthies,461,500,39
Arbori,61,100,39
Cargèse,1161,1200,39
Ambiegna,61,100,39
Ucciani,461,500,39
Zévaco,61,100,39
Bustanico,61,100,39
Montrevel-en-Bresse,2362,2400,38
Chevillard,162,200,38
Caumont,562,600,38
Le Sourd,162,200,38
Leuze,162,200,38
Marigny-en-Orxois,462,500,38
Cœuvres-et-Valsery,462,500,38
Blérancourt,1262,1300,38
Saint-Pierremont,62,100,38
Pargnan,62,100,38
Nouvion-le-Vineux,162,200,38
Mercy,262,300,38
Laprugne,362,400,38
Mariol,762,800,38
Clans,562,600,38
La Roquette-sur-Siagne,4962,5000,38
Limony,762,800,38
Chilly,162,200,38
Matton-et-Clémency,462,500,38
Lassur,62,100,38
Saint-Julien-de-Gras-Capou,62,100,38
Antras,62,100,38
Chacenay,62,100,38
Javernant,162,200,38
Fourtou,62,100,38
La Pomarède,162,200,38
Saint-Amans,62,100,38
Saint-Louis-et-Parahou,62,100,38
Auzits,862,900,38
Saint-Désir,1662,1700,38
Amblie,262,300,38
Saint-Pierre-du-Bû,462,500,38
Surrain,162,200,38
Authieux-Papion,62,100,38
Janville,362,400,38
Champagnac,1062,1100,38
Valette,262,300,38
Verrières,362,400,38
Mons,262,300,38
Bourgneuf,1062,1100,38
Saint-Vaize,562,600,38
Le Gué-d'Alleré,662,700,38
Mazeray,862,900,38
Mansac,1362,1400,38
Montagny-lès-Beaune,662,700,38
Martrois,62,100,38
Verrey-sous-Drée,62,100,38
Sacquenay,262,300,38
Moitron,62,100,38
Torcy-et-Pouligny,162,200,38
Daix,1362,1400,38
Vannaire,62,100,38
Saint-Barnabé,1262,1300,38
Lanrelas,862,900,38
Faux-la-Montagne,362,400,38
Le Bugue,2762,2800,38
Mialet,662,700,38
Lomont-sur-Crête,162,200,38
Aïssey,162,200,38
Lanthenans,62,100,38
Villers-Buzon,262,300,38
Duranville,162,200,38
Charbonnières,262,300,38
Saint-Pellerin,362,400,38
Saint-Lubin-de-Cravant,62,100,38
Le Relecq-Kerhuon,10762,10800,38
Le Cailar,2362,2400,38
Lez,62,100,38
Espanès,262,300,38
Cazaunous,62,100,38
Molas,162,200,38
Peyrusse-Grande,162,200,38
Tudelle,62,100,38
Aussos,62,100,38
Saint-Cricq,262,300,38
Saint-Hippolyte,162,200,38
Saint-Pons-de-Thomières,2062,2100,38
Vélieux,62,100,38
Sainte-Gemme,262,300,38
Préaux,162,200,38
Chouday,162,200,38
Tavant,262,300,38
Massieu,762,800,38
Laval,962,1000,38
Rives,6062,6100,38
Villard-Reculas,62,100,38
Châtonnay,62,100,38
Le Vaudioux,162,200,38
Luxey,662,700,38
Vicq-d'Auribat,262,300,38
Marcilly-en-Beauce,362,400,38
Concriers,162,200,38
Beauvilliers,62,100,38
Rozier-en-Donzy,1362,1400,38
Prades,62,100,38
Auvers,62,100,38
Laval-sur-Doulon,62,100,38
Montclard,62,100,38
La Chapelle-Saint-Sépulcre,262,300,38
Greneville-en-Beauce,662,700,38
Saint-Denis-en-Val,7162,7200,38
Grèzes,162,200,38
Fajoles,262,300,38
Fumel,5162,5200,38
Saint-Front-sur-Lémance,562,600,38
Saint-Sauveur-de-Ginestoux,62,100,38
Montbray,362,400,38
Saint-Hilaire-Petitville,1362,1400,38
Saint-Sébastien-de-Raids,362,400,38
Crosville-sur-Douve,62,100,38
Équilly,162,200,38
Le Mesnil-Amand,162,200,38
La Haye-du-Puits,1662,1700,38
Dampierre-au-Temple,262,300,38
Saint-Quentin-sur-Coole,62,100,38
Vienne-le-Château,562,600,38
Soudé,162,200,38
Méry-Prémecy,62,100,38
Darmannes,262,300,38
Vivey,62,100,38
Sommancourt,62,100,38
Dampierre,362,400,38
Frampas,162,200,38
Chatenay-Vaudin,62,100,38
Herserange,4462,4500,38
Saint-Julien-lès-Gorze,162,200,38
Parroy,162,200,38
Montfaucon-d'Argonne,362,400,38
Futeau,162,200,38
Haudainville,962,1000,38
Vouthon-Bas,62,100,38
Sauvoy,62,100,38
Sauvigny,262,300,38
Waly,62,100,38
Chaumont-sur-Aire,162,200,38
Mécleuves,1162,1200,38
Bébing,162,200,38
Failly,562,600,38
Jallaucourt,162,200,38
Wuisse,62,100,38
Fours,762,800,38
Béard,162,200,38
Bettignies,262,300,38
Saint-Sauveur,1562,1600,38
Rouvillers,262,300,38
Bucamps,162,200,38
Saint-Germer-de-Fly,1762,1800,38
Saint-Ouen-de-la-Cour,62,100,38
Sainte-Honorine-la-Guillaume,362,400,38
Rouperroux,162,200,38
Bellême,1562,1600,38
Le Sars,162,200,38
Marest,262,300,38
Éclimeux,162,200,38
Warlencourt-Eaucourt,162,200,38
Nesles,962,1000,38
Saint-Alyre-ès-Montagne,162,200,38
Saint-Éloy-la-Glacière,62,100,38
Saint-Jean-des-Ollières,462,500,38
Goès,562,600,38
Riupeyrous,162,200,38
Saint-Palais,1862,1900,38
Labatut,162,200,38
Lasclaveries,262,300,38
Lucarré,62,100,38
Herrère,362,400,38
Saint-Faust,762,800,38
Maubourguet,2462,2500,38
Nyer,162,200,38
Preuschdorf,962,1000,38
Wasserbourg,462,500,38
Landser,1562,1600,38
Flaxlanden,1462,1500,38
Lauw,962,1000,38
Waltenheim,562,600,38
Halles,462,500,38
Joux,662,700,38
Dracé,962,1000,38
Courtesoult-et-Gatey,62,100,38
Saponcourt,62,100,38
Chambornay-lès-Bellevaux,162,200,38
Bantanges,562,600,38
Préty,562,600,38
Flacey-en-Bresse,362,400,38
Sampigny-lès-Maranges,162,200,38
Ballon,1262,1300,38
Puygros,362,400,38
La Chambre,1162,1200,38
Éloise,862,900,38
Viuz-la-Chiésaz,1262,1300,38
Aubermesnil-Beaumais,462,500,38
Cléville,162,200,38
Saint-Jean-de-la-Neuville,562,600,38
Réalcamp,662,700,38
Saint-Denis-d'Aclon,162,200,38
Blennes,562,600,38
Changis-sur-Marne,1062,1100,38
Loubigné,162,200,38
Boisserolles,62,100,38
La Couarde,262,300,38
Tailly,62,100,38
Boismont,462,500,38
Rubempré,762,800,38
Fouquescourt,162,200,38
Meigneux,162,200,38
La Chavatte,62,100,38
Villecourt,62,100,38
Seux,162,200,38
Cambon-lès-Lavaur,262,300,38
Montirat,262,300,38
Montbarla,162,200,38
Lamagistère,1162,1200,38
Saint-Martin-des-Fontaines,162,200,38
Dercé,162,200,38
Cieux,962,1000,38
Uriménil,1362,1400,38
Autreville,162,200,38
Vouxey,162,200,38
Sercœur,262,300,38
Molinons,262,300,38
Sauvigny-le-Beuréal,62,100,38
Asnières-sous-Bois,162,200,38
Croix,162,200,38
Solaro,662,700,38
Flaxieu,63,100,37
Arandas,163,200,37
Saint-Alban,163,200,37
Ugny-le-Gay,163,200,37
Guivry,263,300,37
Oulches-la-Vallée-Foulon,63,100,37
Ambrief,63,100,37
La Neuville-Housset,63,100,37
Houry,63,100,37
Saint-Thibaut,63,100,37
Goudelancourt-lès-Berrieux,63,100,37
Meaulne,763,800,37
Saint-Clément,363,400,37
Rousset,163,200,37
Châteauneuf-d'Entraunes,63,100,37
Colombier-le-Jeune,563,600,37
Petites-Armoises,63,100,37
Givet,6663,6700,37
Autruche,63,100,37
Ax-les-Thermes,1363,1400,37
Durfort,163,200,37
Durban-sur-Arize,163,200,37
Fontaine-les-Grès,863,900,37
Bragelogne-Beauvoir,263,300,37
Embres-et-Castelmaure,163,200,37
Fournes-Cabardès,63,100,37
Le Fel,163,200,37
Saint-Pierre-la-Vieille,363,400,37
Saint-Gatien-des-Bois,1363,1400,37
Le Mesnil-au-Grain,63,100,37
Fournoulès,63,100,37
Barriac-les-Bosquets,163,200,37
Champagne-Mouton,963,1000,37
Brie-sous-Chalais,163,200,37
Lonnes,163,200,37
Saint-Sigismond-de-Clermont,163,200,37
Neuvicq-le-Château,363,400,37
Mareuil-sur-Arnon,563,600,37
Épineuil-le-Fleuriel,463,500,37
Saint-Martin-la-Méanne,363,400,37
Courteix,63,100,37
Channay,63,100,37
Brémur-et-Vaurois,63,100,37
Flée,163,200,37
Perrigny-sur-l'Ognon,663,700,37
Brognon,263,300,37
Poiseul-lès-Saulx,63,100,37
Mavilly-Mandelot,163,200,37
Corcelles-les-Arts,463,500,37
Ampilly-le-Sec,363,400,37
Saint-Pardoux-d'Arnet,163,200,37
Pionnat,763,800,37
Fontanières,263,300,37
Saint-Michel-de-Montaigne,363,400,37
Autechaux-Roide,563,600,37
Neuchâtel-Urtière,163,200,37
La Bretenière,63,100,37
Vernois-lès-Belvoir,63,100,37
Buffard,163,200,37
Châtillon-en-Diois,563,600,37
Chalancon,63,100,37
Saint-Sauveur-en-Diois,63,100,37
Miribel,263,300,37
Roche-Saint-Secret-Béconne,363,400,37
Saint-Roman,163,200,37
Saint-Martin-le-Colonel,163,200,37
Bosc-Bénard-Crescy,363,400,37
Hacqueville,463,500,37
Tilly,563,600,37
Saint-Maclou,563,600,37
Saint-Ouen-du-Tilleul,1563,1600,37
Hennezis,763,800,37
Magny,663,700,37
Denonville,763,800,37
Botsorhel,463,500,37
Plouvorn,2763,2800,37
La Martyre,763,800,37
Connaux,1563,1600,37
La Grand-Combe,5163,5200,37
Tharaux,63,100,37
Saint-Jean-de-Ceyrargues,163,200,37
Pommiers,63,100,37
Castéra-Vignoles,63,100,37
Benque,163,200,37
Castéron,63,100,37
Mérens,63,100,37
Pouylebon,163,200,37
Lannepax,563,600,37
Blaignac,263,300,37
Marimbault,163,200,37
Saint-Christophe-de-Double,663,700,37
Le Tourne,763,800,37
Ferrières-les-Verreries,63,100,37
Lauret,563,600,37
Villeneuvette,63,100,37
Saint-Brieuc-des-Iffs,363,400,37
Mérigny,563,600,37
Marçay,463,500,37
Sepmes,663,700,37
Prébois,163,200,37
La Buissière,663,700,37
Biarne,363,400,37
Chaux-Champagny,63,100,37
Saint-Julien,463,500,37
Mallerey,63,100,37
Rochefort-sur-Nenon,563,600,37
Beauchêne,163,200,37
Membrolles,263,300,37
Montarcher,63,100,37
Épercieux-Saint-Paul,663,700,37
Desges,63,100,37
Ally,163,200,37
Lafarre,63,100,37
Vielprat,63,100,37
Rebréchien,1363,1400,37
Lacapelle-Cabanac,163,200,37
Colayrac-Saint-Cirq,2863,2900,37
Hautesvignes,163,200,37
Lafox,1163,1200,37
Cheylard-l'Évêque,63,100,37
Fraissinet-de-Fourques,63,100,37
Saint-Saturnin,63,100,37
La Salle-de-Vihiers,1063,1100,37
Carentan,6063,6100,37
Ravenoville,263,300,37
Gratot,663,700,37
La Bazoge,163,200,37
Grimesnil,63,100,37
Thibie,263,300,37
La Chapelle-Felcourt,63,100,37
Vouarces,63,100,37
Vitry-la-Ville,363,400,37
Reuves,63,100,37
Oudincourt,163,200,37
Charmes-la-Grande,163,200,37
Bazailles,163,200,37
Laître-sous-Amance,363,400,37
Jaulny,263,300,37
Lachaussée,263,300,37
Rupt-aux-Nonains,363,400,37
Avillers-Sainte-Croix,63,100,37
Baâlon,263,300,37
Nant-le-Grand,63,100,37
Combles-en-Barrois,863,900,37
Jametz,263,300,37
Nantillois,63,100,37
Gincrey,63,100,37
Barst,563,600,37
Le Val-de-Guéblange,863,900,37
Frémery,63,100,37
Chenois,63,100,37
Ogy,563,600,37
Pouques-Lormes,163,200,37
Michaugues,63,100,37
Lamenay-sur-Loire,63,100,37
Englos,563,600,37
Rosult,1863,1900,37
Le Gallet,163,200,37
Pouilly,163,200,37
Étavigny,163,200,37
Réez-Fosse-Martin,163,200,37
Sacy-le-Grand,1363,1400,37
Choisy-au-Bac,3363,3400,37
Villers-sur-Bonnières,163,200,37
Lachapelle-sous-Gerberoy,163,200,37
Crapeaumesnil,163,200,37
Aunou-le-Faucon,263,300,37
Notre-Dame-du-Rocher,63,100,37
Bellavilliers,163,200,37
Yvrandes,163,200,37
Capelle-lès-Hesdin,463,500,37
Nédon,163,200,37
Hénu,163,200,37
Oppy,363,400,37
Neuville-sous-Montreuil,663,700,37
Canettemont,63,100,37
Ivergny,263,300,37
Brousse,363,400,37
Châteldon,763,800,37
Espéchède,163,200,37
Jaxu,163,200,37
Labatmale,263,300,37
Bilhères,163,200,37
Jurançon,6963,7000,37
Lembeye,763,800,37
La Barthe-de-Neste,1163,1200,37
Labastide,163,200,37
Nestier,163,200,37
Bulan,63,100,37
Fillols,163,200,37
Plaine,963,1000,37
Zehnacker,263,300,37
Kuttolsheim,663,700,37
Kunheim,1763,1800,37
Hartmannswiller,663,700,37
Cuve,163,200,37
La Résie-Saint-Martin,163,200,37
Mélecey,163,200,37
Saint-Laurent-en-Brionnais,363,400,37
Saint-Huruge,63,100,37
Peray,63,100,37
Saint-Marcel,663,700,37
Val-d'Isère,1563,1600,37
Ocqueville,463,500,37
Saint-Riquier-en-Rivière,163,200,37
Clasville,263,300,37
La Vieux-Rue,463,500,37
Chalautre-la-Petite,563,600,37
Montereau-sur-le-Jard,563,600,37
Fontains,263,300,37
Chavenay,1863,1900,37
Missé,863,900,37
Cirières,963,1000,37
Le Retail,263,300,37
Huchenneville,663,700,37
Guerbigny,263,300,37
Saint-Christ-Briost,463,500,37
Lacougotte-Cadoul,163,200,37
Castelnau-de-Brassac,763,800,37
Penne,563,600,37
Mons,863,900,37
Trigance,163,200,37
Le Beaucet,363,400,37
Loge-Fougereuse,363,400,37
Saint-Sauveur,1063,1100,37
Saint-Barbant,363,400,37
Azat-le-Ris,263,300,37
Fiménil,263,300,37
Ferdrupt,763,800,37
Ainvelle,163,200,37
Repel,63,100,37
Nompatelize,563,600,37
Domèvre-sous-Montfort,63,100,37
Damblain,263,300,37
Arthonnay,163,200,37
Châtel-Censoir,663,700,37
Lain,163,200,37
Janville-sur-Juine,1863,1900,37
Palneca,163,200,37
Belvédère-Campomoro,163,200,37
Pancheraccia,163,200,37
Champdor,464,500,36
Saint-Rambert-en-Bugey,2164,2200,36
Izenave,164,200,36
Étampes-sur-Marne,1164,1200,36
Sergy,164,200,36
Tupigny,364,400,36
Saint-Pierre-lès-Franqueville,64,100,36
Montchâlons,64,100,36
Passy-en-Valois,164,200,36
Mennevret,664,700,36
Besmé,164,200,36
Reugny,264,300,36
Voussac,464,500,36
La Beaume,164,200,36
Saint-Apollinaire-de-Rias,164,200,36
Saint-Martin-de-Valamas,1264,1300,36
Saint-Michel-de-Chabrillanoux,364,400,36
Saint-Pons,264,300,36
Bourg-Saint-Andéol,7264,7300,36
Lanarce,164,200,36
Arnicourt,164,200,36
Thelonne,364,400,36
Arreux,364,400,36
Avaux,464,500,36
Sormonne,564,600,36
La Bastide-de-Lordat,264,300,36
Betchat,364,400,36
Saint-Bauzeil,64,100,36
Aucazein,64,100,36
Augirein,64,100,36
Nogent-sur-Seine,6064,6100,36
Villy-le-Bois,64,100,36
Bérulle,264,300,36
Mireval-Lauragais,164,200,36
Mélagues,64,100,36
La Terrisse,164,200,36
Vouilly,164,200,36
La Lande-sur-Drôme,64,100,36
Neuilly-la-Forêt,464,500,36
Presles,264,300,36
Reviers,564,600,36
Peyrusse,164,200,36
Saint-Martial,64,100,36
Ayrens,564,600,36
Gourdièges,64,100,36
Saint-Clément,64,100,36
Labesserette,264,300,36
Condéon,564,600,36
Villars-en-Pons,564,600,36
Saleignes,64,100,36
Taillant,164,200,36
Aulnay,1464,1500,36
Grandjean,264,300,36
Saint-Maigrin,564,600,36
Saint-Ybard,664,700,36
Saint-Julien-le-Vendômois,264,300,36
Margerides,264,300,36
Chemin-d'Aisey,64,100,36
Éringes,64,100,36
Aubigny-la-Ronce,164,200,36
Marey-lès-Fussey,64,100,36
Chailly-sur-Armançon,264,300,36
Monthelie,164,200,36
Seigny,164,200,36
Gissey-sur-Ouche,364,400,36
Saulieu,2564,2600,36
Gemeaux,864,900,36
Rouillac,364,400,36
Trémargat,164,200,36
Saint-Priest,164,200,36
La Villetelle,164,200,36
Bourg-des-Maisons,64,100,36
Granges-d'Ans,164,200,36
Saint-Vincent-sur-l'Isle,264,300,36
Mescoules,164,200,36
Monsaguel,164,200,36
Exincourt,3164,3200,36
Champagney,264,300,36
Chapelle-des-Bois,264,300,36
Eygluy-Escoulin,64,100,36
La Roche-sur-Grane,164,200,36
Damps,1264,1300,36
Escorpain,264,300,36
Pré-Saint-Martin,164,200,36
Gilles,564,600,36
Beuzec-Cap-Sizun,1064,1100,36
Collorec,664,700,36
Le Ponthou,164,200,36
Saint-Gervais,664,700,36
Montastruc-Savès,64,100,36
Saint-Geniès-Bellevue,2164,2200,36
Ciadoux,264,300,36
Fonbeauzard,2764,2800,36
Gaujac,64,100,36
Villefranche,164,200,36
Montagoudin,164,200,36
Saint-Ferme,364,400,36
Iffs,264,300,36
Lohéac,664,700,36
Erbrée,1664,1700,36
Courcoué,264,300,36
Luzé,264,300,36
Quet-en-Beaumont,64,100,36
Roussillon,7964,8000,36
Estrablin,3264,3300,36
Chamole,164,200,36
Our,164,200,36
Le Pin,264,300,36
Abergement-le-Grand,64,100,36
Revigny,264,300,36
Essia,64,100,36
Thoiria,164,200,36
Château-Chalon,164,200,36
Vieux-Boucau-les-Bains,1564,1600,36
Villenave,264,300,36
Urgons,264,300,36
Bastennes,264,300,36
Bauzy,264,300,36
Brioude,6664,6700,36
Saint-Privat-du-Dragon,164,200,36
La Marne,1364,1400,36
Escrignelles,64,100,36
Mérinville,164,200,36
Saint-Florent,464,500,36
Saint-Médard,164,200,36
Saint-Vincent-du-Pendit,164,200,36
Lachapelle-Auzac,764,800,36
Pierrefiche,164,200,36
Saint-Pierre-de-Nogaret,164,200,36
La Plaine,964,1000,36
Méon,264,300,36
Orval,864,900,36
Remicourt,64,100,36
Vassimont-et-Chapelaine,64,100,36
Moussy,764,800,36
La Celle-sous-Chantemerle,164,200,36
Courville,464,500,36
Blacy,664,700,36
Bussy-le-Château,164,200,36
Champguyon,264,300,36
Aillianville,164,200,36
Humberville,64,100,36
Laneuvelle,64,100,36
Petitmont,364,400,36
Étreval,64,100,36
Halloville,64,100,36
Xivry-Circourt,264,300,36
Bonzée,364,400,36
Louppy-le-Château,164,200,36
Montplonne,164,200,36
Remennecourt,64,100,36
Châtillon-sous-les-Côtes,164,200,36
Peuvillers,64,100,36
Villers-sous-Pareid,64,100,36
Saint-Malo-des-Trois-Fontaines,564,600,36
Volmunster,864,900,36
Montois-la-Montagne,2364,2400,36
Nitting,464,500,36
Montdidier,64,100,36
Rosbruck,764,800,36
Laudrefang,364,400,36
Saint-Epvre,164,200,36
Marcy,164,200,36
Thaix,64,100,36
Châtillon-en-Bazois,964,1000,36
Ouagne,164,200,36
Sémelay,264,300,36
Socx,964,1000,36
Millonfosse,664,700,36
Warhem,2064,2100,36
Lezennes,3064,3100,36
Zegerscappel,1464,1500,36
Nomain,2464,2500,36
Bersillies,264,300,36
Killem,964,1000,36
Avricourt,264,300,36
Ognes,264,300,36
Rouvroy-les-Merles,64,100,36
Hautefontaine,264,300,36
Mantilly,564,600,36
Fay,64,100,36
Giel-Courteilles,464,500,36
Cahan,164,200,36
Bivilliers,64,100,36
Saint-Aubin-des-Grois,64,100,36
Lefaux,264,300,36
Vincly,164,200,36
Lambres,1064,1100,36
Sauguis-Saint-Étienne,164,200,36
Montaner,464,500,36
Urost,64,100,36
Lagos,464,500,36
Oraàs,164,200,36
Fichous-Riumayou,164,200,36
Paréac,64,100,36
Seich,64,100,36
Arcizans-Avant,364,400,36
Villemur,64,100,36
Loudervielle,64,100,36
Aries-Espénan,64,100,36
Castelnou,364,400,36
Calmeilles,64,100,36
Cosswiller,564,600,36
Nothalten,464,500,36
Morschwiller,564,600,36
Soppe-le-Haut,564,600,36
Ammerschwihr,1864,1900,36
Saint-Appolinaire,164,200,36
Saint-Andéol-le-Château,1564,1600,36
Chenevrey-et-Morogne,264,300,36
Georfans,64,100,36
Noiron,64,100,36
Villers-la-Ville,164,200,36
Brotte-lès-Ray,64,100,36
Vellefaux,464,500,36
Le Val-de-Gouhenans,64,100,36
Anjeux,164,200,36
Neurey-en-Vaux,164,200,36
Frédéric-Fontaine,264,300,36
Blanot,164,200,36
Sillé-le-Guillaume,2364,2400,36
Berfay,364,400,36
Allonnes,11064,11100,36
Vezot,64,100,36
Thoigné,164,200,36
Neuvecelle,2564,2600,36
Verchaix,664,700,36
Crasville-la-Mallet,164,200,36
Saint-Nicolas-de-Bliquetuit,564,600,36
Fréville,864,900,36
Paluel,464,500,36
Beaumont-du-Gâtinais,1164,1200,36
Ichy,164,200,36
Mondreville,364,400,36
Chamigny,1264,1300,36
Mouy-sur-Seine,364,400,36
Flins-Neuve-Église,164,200,36
Saint-Jacques-de-Thouars,464,500,36
Beaulieu-sous-Parthenay,664,700,36
Berneuil,264,300,36
Guyencourt-sur-Noye,164,200,36
Hem-Hardinval,364,400,36
Hornoy-le-Bourg,1664,1700,36
Moyencourt-lès-Poix,164,200,36
Bécordel-Bécourt,164,200,36
Authieule,364,400,36
Longpré-les-Corps-Saints,1664,1700,36
Barleux,264,300,36
Biarre,64,100,36
Lamontélarié,64,100,36
La Roque-Alric,64,100,36
Saint-Hippolyte-le-Graveyron,164,200,36
Maillé,764,800,36
Coussay,264,300,36
Civaux,964,1000,36
Cromac,264,300,36
Deinvillers,64,100,36
Vincey,2264,2300,36
Velotte-et-Tatignécourt,164,200,36
Chaumousey,864,900,36
Villotte,164,200,36
Chamagne,464,500,36
Courlon-sur-Yonne,1164,1200,36
Pisy,64,100,36
Sarry,164,200,36
Saint-Julien-du-Sault,2364,2400,36
Chavanatte,164,200,36
Eguenigue,264,300,36
Briis-sous-Forges,3364,3400,36
Théméricourt,264,300,36
Arronville,664,700,36
Monacia-d'Aullène,464,500,36
Giuncaggio,64,100,36
San-Martino-di-Lota,2764,2800,36
Ceignes,265,300,35
Chaleins,1165,1200,35
Saint-Maurice-de-Beynost,3865,3900,35
Montcet,665,700,35
Villers-lès-Guise,165,200,35
Francilly-Selency,465,500,35
Audigny,265,300,35
Saint-Léopardin-d'Augy,365,400,35
Le Vilhain,265,300,35
Saint-Julien-d'Asse,165,200,35
Abriès,365,400,35
Bonson,665,700,35
Mercuer,1165,1200,35
Contreuve,65,100,35
Saint-Pierre-à-Arnes,65,100,35
Bignicourt,65,100,35
Saint-Marceau,365,400,35
Beaumont-en-Argonne,465,500,35
Deux-Villes,265,300,35
Fromelennes,1065,1100,35
La Neuville-lès-Wasigny,165,200,35
Belloc,65,100,35
Dreuilhe,365,400,35
Orgibet,165,200,35
Caussou,65,100,35
Auxon,965,1000,35
Villeret,65,100,35
Saint-Thibault,465,500,35
Isle-Aubigny,165,200,35
Soupex,265,300,35
Saint-Just-et-le-Bézu,65,100,35
Pennautier,2465,2500,35
Fendeille,565,600,35
Issel,465,500,35
Lastours,165,200,35
Quintillan,65,100,35
Arvieu,865,900,35
Aurelle-Verlac,165,200,35
Saint-Côme-d'Olt,1365,1400,35
Mittois,165,200,35
Le Mesnil-Germain,265,300,35
Tournay-sur-Odon,365,400,35
Cully,165,200,35
Pont-Bellanger,65,100,35
Villerville,765,800,35
Monteille,165,200,35
Isles-Bardel,65,100,35
Danvou-la-Ferrière,165,200,35
Vinax,65,100,35
Ozillac,665,700,35
Menetou-Salon,1665,1700,35
Saint-Jeanvrin,165,200,35
La Chapelle-d'Angillon,665,700,35
Bussy,365,400,35
Vinon,265,300,35
Crézançay-sur-Cher,65,100,35
Veyrières,65,100,35
Eyburie,465,500,35
Laguenne,1465,1500,35
Drambon,165,200,35
Bussy-la-Pesle,65,100,35
Flavignerot,165,200,35
Poiseul-la-Ville-et-Laperrière,165,200,35
Antheuil,65,100,35
Ahuy,1265,1300,35
Toutry,465,500,35
Callac,2365,2400,35
Pléven,565,600,35
Tréfumel,265,300,35
Pouldouran,165,200,35
Bulat-Pestivien,465,500,35
Aulon,165,200,35
Saint-Vincent-de-Cosse,365,400,35
Couze-et-Saint-Front,765,800,35
Grand'Combe-Châteleu,1365,1400,35
Germondans,65,100,35
La Motte-Fanjas,165,200,35
Cobonne,165,200,35
Bésignan,65,100,35
La Rochette-du-Buis,65,100,35
Dardez,165,200,35
Saint-Victor-sur-Avre,65,100,35
Portes,265,300,35
Montlandon,265,300,35
Vieuvicq,465,500,35
Trébabu,365,400,35
Saint-Laurent-le-Minier,365,400,35
Portes,365,400,35
Castillon-de-Larboust,65,100,35
Montauban-de-Luchon,465,500,35
Huos,465,500,35
Peyssies,465,500,35
Saint-Thomas,565,600,35
Montgazin,165,200,35
Cazaux-Layrisse,65,100,35
Clermont-Pouyguillès,165,200,35
Plieux,165,200,35
Préchac,165,200,35
Larroque-Saint-Sernin,165,200,35
Doulezon,265,300,35
Saint-Hilaire-de-Beauvoir,365,400,35
Aigne,265,300,35
Montesquieu,65,100,35
Brulais,465,500,35
Maillet,265,300,35
Chitray,165,200,35
Rilly-sur-Vienne,465,500,35
Champigny-sur-Veude,865,900,35
Saint-Nicolas-des-Motets,265,300,35
Bournan,265,300,35
Châlons,165,200,35
Le Freney-d'Oisans,265,300,35
Montagne,265,300,35
Saint-Alban-du-Rhône,865,900,35
Cerniébaud,65,100,35
Lavigny,365,400,35
Bief-du-Fourg,165,200,35
Tourmont,465,500,35
Perquie,365,400,35
Azerat,265,300,35
Lamativie,65,100,35
Calviac,165,200,35
Tigné,765,800,35
Saint-Lézin,765,800,35
Le Fuilet,1865,1900,35
Luigné,265,300,35
Saint-Jean-du-Corail,265,300,35
Bassuet,265,300,35
Écollemont,65,100,35
Gourgançon,165,200,35
Vals-des-Tilles,165,200,35
Châteauvillain,1665,1700,35
Montsaugeon,65,100,35
Bouzancourt,65,100,35
Fresnes-sur-Apance,165,200,35
Rennepont,165,200,35
Luzy-sur-Marne,265,300,35
Cohons,265,300,35
Vicq,165,200,35
Rochefort-sur-la-Côte,65,100,35
Gerbéviller,1365,1400,35
Dampvitoux,65,100,35
Athienville,165,200,35
Thélod,265,300,35
Domprix,65,100,35
Juvigny-sur-Loison,265,300,35
Lanhères,65,100,35
Horville-en-Ornois,65,100,35
Martincourt-sur-Meuse,65,100,35
Marre,165,200,35
Saint-Germain-sur-Meuse,265,300,35
Romelfing,365,400,35
Guébestroff,65,100,35
Altviller,565,600,35
Mittelbronn,665,700,35
Virming,265,300,35
Vilsberg,365,400,35
Vaux,865,900,35
Héry,65,100,35
Bauvin,5265,5300,35
Aubencheul-au-Bac,465,500,35
Bérelles,165,200,35
Pradelles,365,400,35
Marolles,665,700,35
Glaignes,365,400,35
Le Plessier-sur-Bulles,165,200,35
Tanques,165,200,35
Courgeoût,465,500,35
Ménil-Froger,65,100,35
Magny-le-Désert,1465,1500,35
Saint-Pierre-des-Loges,165,200,35
Saint-Gervais-des-Sablons,65,100,35
Denier,65,100,35
Beaumetz-lès-Loges,965,1000,35
Bailleul-aux-Cornailles,265,300,35
Guigny,165,200,35
Recques-sur-Hem,565,600,35
Linzeux,165,200,35
Inxent,165,200,35
Alquines,865,900,35
Offrethun,265,300,35
Savy-Berlette,965,1000,35
Campagne-lès-Hesdin,1765,1800,35
Courgoul,65,100,35
Saint-Boès,365,400,35
Lannecaube,165,200,35
Morlaàs,4165,4200,35
Esparros,165,200,35
Latour-de-France,1065,1100,35
Bassemberg,265,300,35
Ebersmunster,465,500,35
Ruelisheim,2365,2400,35
Luttenbach-près-Munster,765,800,35
Obermorschwihr,365,400,35
Ormenans,65,100,35
Mont-Saint-Léger,65,100,35
Prizy,65,100,35
Pierre-de-Bresse,1965,2000,35
Marizy,465,500,35
Le Miroir,565,600,35
Rosey,165,200,35
Pezé-le-Robert,365,400,35
Orelle,365,400,35
Lanslevillard,465,500,35
Leschaux,265,300,35
Cercier,565,600,35
La Côte-d'Arbroz,265,300,35
Thuile,965,1000,35
Haudricourt,465,500,35
Étainhus,1065,1100,35
Manneville-ès-Plains,265,300,35
Saint-Jacques-d'Aliermont,365,400,35
Hautot-sur-Seine,365,400,35
Vulaines-lès-Provins,65,100,35
Gaillon-sur-Montcient,665,700,35
Ardilleux,165,200,35
Villiers-sur-Chizé,165,200,35
Saint-Lin,365,400,35
Paizay-le-Chapt,265,300,35
Morlancourt,365,400,35
Grivillers,65,100,35
Yzeux,265,300,35
Andechy,265,300,35
Grivesnes,365,400,35
Mametz,165,200,35
Ablaincourt-Pressoir,265,300,35
Berteaucourt-les-Dames,1165,1200,35
Vraignes-en-Vermandois,165,200,35
Carlus,665,700,35
Labarthe,365,400,35
Saint-Jean-du-Bouzet,65,100,35
Châteaudouble,465,500,35
Malaucène,2665,2700,35
Travaillan,665,700,35
Saulgé,965,1000,35
Dournazac,665,700,35
Gorhey,165,200,35
Mortagne,165,200,35
Monthureux-le-Sec,165,200,35
Bussang,1565,1600,35
Aydoilles,1065,1100,35
Cheney,265,300,35
Aisy-sur-Armançon,265,300,35
Pimelles,65,100,35
Clérimois,265,300,35
Gy-l'Évêque,465,500,35
Omessa,565,600,35
Venaco,765,800,35
Costa,65,100,35
Courtes,266,300,34
Cuissy-et-Geny,66,100,34
Quincy-sous-le-Mont,66,100,34
Jaulgonne,666,700,34
Germaine,66,100,34
Vervins,2666,2700,34
Vassogne,66,100,34
Crupilly,66,100,34
Ollezy,166,200,34
Vauxbuin,766,800,34
Contescourt,66,100,34
Monestier,266,300,34
Château-Arnoux-Saint-Auban,5266,5300,34
Villemus,166,200,34
Le Caire,66,100,34
Bruis,66,100,34
Beauchastel,1666,1700,34
Issarlès,166,200,34
Saint-Jean-Roure,266,300,34
Hannogne-Saint-Martin,466,500,34
Marby,66,100,34
Savigny-sur-Aisne,366,400,34
Camon,166,200,34
Montolieu,766,800,34
Missègre,66,100,34
La Salvetat-Peyralès,1066,1100,34
Saint-Jean-et-Saint-Paul,266,300,34
Roquefort-sur-Soulzon,666,700,34
Montchauvet,366,400,34
Corbon,66,100,34
Anisy,666,700,34
Goupillières,166,200,34
Vèze,66,100,34
Saint-Martin-Cantalès,166,200,34
Deviat,166,200,34
Courlac,66,100,34
Voulgézac,266,300,34
Barro,366,400,34
Saint-Laurent-de-Belzagot,366,400,34
Bellon,166,200,34
Chassiecq,166,200,34
Éduts,66,100,34
Matha,2166,2200,34
Chartuzac,166,200,34
Saint-Pardoux-Corbier,366,400,34
Végennes,166,200,34
Busseaut,66,100,34
Précy-sous-Thil,766,800,34
Bessey-lès-Cîteaux,666,700,34
Terrefondrée,66,100,34
Belan-sur-Ource,266,300,34
Barbirey-sur-Ouche,266,300,34
Ouges,1166,1200,34
Arrans,66,100,34
Saint-Connec,266,300,34
Vallière,766,800,34
Saint-Domet,166,200,34
Tercillat,166,200,34
Linard,166,200,34
Saint-Michel-de-Double,266,300,34
Saint-Mesmin,266,300,34
Bussière-Badil,466,500,34
Luxiol,166,200,34
Byans-sur-Doubs,566,600,34
Montécheroux,566,600,34
Chabrillan,666,700,34
Barnave,166,200,34
Pontaix,166,200,34
Jouy-sur-Eure,566,600,34
Saint-Antonin-de-Sommaire,166,200,34
Grandvilliers,366,400,34
Aclou,266,300,34
Bosc-Renoult-en-Ouche,166,200,34
Perruel,466,500,34
Châteauneuf-du-Faou,3666,3700,34
Pont-Croix,1766,1800,34
Saint-Christol-de-Rodières,166,200,34
Saint-André-de-Valborgne,466,500,34
Le Faget,366,400,34
Mervilla,266,300,34
Plagnole,266,300,34
Mansencôme,66,100,34
Lahas,166,200,34
Sembouès,66,100,34
Saint-Michel,266,300,34
Preignac,2166,2200,34
Tarnès,266,300,34
Ferrières-Poussarou,66,100,34
Trémeheuc,366,400,34
Chasseneuil,666,700,34
Vigoux,466,500,34
Méobecq,366,400,34
Paudy,466,500,34
Frédille,66,100,34
Louestault,366,400,34
Côtes-de-Corps,66,100,34
Le Passage,766,800,34
Vitreux,266,300,34
Geruge,166,200,34
Thésy,66,100,34
Latrille,166,200,34
Saint-Aignan,3166,3200,34
Noirétable,1666,1700,34
La Pacaudière,1066,1100,34
Venteuges,366,400,34
Chaniat,166,200,34
Louzouer,266,300,34
Léouville,66,100,34
La Neuville-sur-Essonne,366,400,34
Guilly,666,700,34
Saint-Hilaire-sur-Puiseaux,166,200,34
Cardaillac,566,600,34
Peyrilles,366,400,34
Allez-et-Cazeneuve,666,700,34
Fargues-sur-Ourbise,366,400,34
La Sauvetat-du-Dropt,566,600,34
Cambes,166,200,34
La Malène,166,200,34
Ribennes,166,200,34
Saint-Jean-la-Fouillouse,166,200,34
Banassac,866,900,34
Laval-Atger,166,200,34
Montigné-lès-Rairies,366,400,34
Le Vieil-Baugé,1266,1300,34
Corné,2866,2900,34
La Pommeraye,3966,4000,34
Saint-Laurent-de-Terregatte,566,600,34
Chéris,266,300,34
Le Mesnil-Opac,266,300,34
Hudimesnil,866,900,34
Courtémont,66,100,34
Saint-Mard-lès-Rouffy,166,200,34
Arrigny,266,300,34
Puisieulx,366,400,34
Vavray-le-Petit,66,100,34
Sompuis,266,300,34
Rouvroy-sur-Marne,366,400,34
Bassoncourt,66,100,34
Serqueux,466,500,34
Saint-Erblon,166,200,34
Bouessay,766,800,34
Domptail-en-l'Air,66,100,34
Fontenoy-sur-Moselle,366,400,34
Sexey-les-Bois,366,400,34
Naives-en-Blois,166,200,34
Merles-sur-Loison,166,200,34
Pretz-en-Argonne,66,100,34
Vadelaincourt,66,100,34
Richecourt,66,100,34
Montblainville,66,100,34
Thonne-la-Long,266,300,34
Reffroy,66,100,34
Sainte-Brigitte,166,200,34
Le Faouët,2866,2900,34
Vergaville,566,600,34
Voimhaut,266,300,34
Grundviller,666,700,34
Craincourt,266,300,34
Montaron,166,200,34
Blismes,166,200,34
Montigny-sur-Canne,166,200,34
Limon,166,200,34
Beaumont-en-Cambrésis,466,500,34
Warlaing,566,600,34
Noyelles-sur-Escaut,766,800,34
Eecke,1166,1200,34
Bazuel,566,600,34
Bray-Dunes,4666,4700,34
Caullery,466,500,34
Willies,166,200,34
Taisnières-en-Thiérache,466,500,34
Laboissière-en-Thelle,1266,1300,34
Erquinvillers,166,200,34
Bacouël,466,500,34
Tartigny,266,300,34
Saint-Julien-sur-Sarthe,666,700,34
Saint-Sulpice-sur-Risle,1666,1700,34
Courgeon,366,400,34
Saint-Aquilin-de-Corbion,66,100,34
L'Hermitière,266,300,34
Saint-Clair-de-Halouze,866,900,34
Saint-Sauveur-de-Carrouges,266,300,34
Ri,166,200,34
Craménil,166,200,34
Warlus,366,400,34
Sars-le-Bois,66,100,34
Heuchin,566,600,34
Gavrelle,566,600,34
Pierremont,266,300,34
Palluel,566,600,34
Allouagne,3066,3100,34
Montpeyroux,366,400,34
Bidos,1166,1200,34
Etchebar,66,100,34
Gestas,66,100,34
Montastruc,266,300,34
Pierrefitte-Nestalas,1266,1300,34
Enveitg,666,700,34
Ille-sur-Têt,5266,5300,34
Angles,566,600,34
Saint-Maurice,366,400,34
Niederbronn-les-Bains,4366,4400,34
Weislingen,566,600,34
Heiligenstein,966,1000,34
Otterswiller,1366,1400,34
Gommersdorf,366,400,34
Jussey,1766,1800,34
Volon,66,100,34
Villers-Bouton,166,200,34
Écromagny,166,200,34
Burzy,66,100,34
Moncé-en-Saosnois,266,300,34
Chahaignes,766,800,34
Grandchamp,166,200,34
Lavenay,366,400,34
La Bruère-sur-Loir,266,300,34
Auzouville-Auberbosc,266,300,34
Grandes-Ventes,1766,1800,34
La Folletière,66,100,34
Vert-Saint-Denis,6966,7000,34
Boulancourt,366,400,34
Cannes-Écluse,2566,2600,34
Pierre-Levée,466,500,34
Lezay,2066,2100,34
Lusseray,166,200,34
Vançais,266,300,34
Malpart,66,100,34
Verpillières,166,200,34
Brassy,66,100,34
Flesselles,2066,2100,34
Drucat,866,900,34
Offignies,66,100,34
Belloy-en-Santerre,166,200,34
Ginchy,66,100,34
Maricourt,166,200,34
Appelle,66,100,34
Labourgade,166,200,34
Saint-Pierre-le-Vieux,966,1000,34
Saint-Sulpice-Laurière,866,900,34
Arrentès-de-Corcieux,166,200,34
Marey,66,100,34
Urville,66,100,34
Domèvre-sur-Durbion,266,300,34
Damas-et-Bettegney,366,400,34
Combrimont,166,200,34
Ramecourt,166,200,34
Corcieux,1666,1700,34
Xaffévillers,166,200,34
Saligny,666,700,34
Butteaux,266,300,34
Tharoiseau,66,100,34
Andryes,466,500,34
Saint-Witz,2566,2600,34
Casaglione,366,400,34
Saliceto,66,100,34
Pino,166,200,34
Prunelli-di-Casacconi,166,200,34
Venzolasca,1666,1700,34
Chivres-en-Laonnois,367,400,33
Dercy,367,400,33
Nanteuil-Notre-Dame,67,100,33
Hauteville,167,200,33
Courtrizy-et-Fussigny,67,100,33
Versigny,467,500,33
Néris-les-Bains,2667,2700,33
Vieure,267,300,33
Bert,267,300,33
Target,267,300,33
Rambaud,367,400,33
Le Noyer,267,300,33
Saint-Léger,67,100,33
Ilonse,167,200,33
Borée,167,200,33
Chanéac,267,300,33
Mayres,267,300,33
Sarras,2067,2100,33
Séchault,67,100,33
Wignicourt,67,100,33
Malandry,67,100,33
Le Fréty,67,100,33
Saint-Loup-Terrier,167,200,33
Taurignan-Castet,167,200,33
Saint-Flavy,267,300,33
Magnicourt,67,100,33
Charmoy,67,100,33
Chavanges,667,700,33
Davrey,267,300,33
La Loge-Pomblin,67,100,33
Bertignolles,67,100,33
Villy-le-Maréchal,167,200,33
Floure,367,400,33
Villeneuve-les-Corbières,267,300,33
Salles-Curan,1067,1100,33
Marcillac-Vallon,1667,1700,33
Cheux,1267,1300,33
Louvagny,67,100,33
Vernols,67,100,33
Le Bouchage,167,200,33
Maine-de-Boixe,467,500,33
Orcenais,267,300,33
Perpezac-le-Blanc,467,500,33
Benayes,267,300,33
Villecomte,267,300,33
Savigny-lès-Beaune,1367,1400,33
Gevrolles,167,200,33
Allerey,167,200,33
Courban,167,200,33
Pouilly-sur-Saône,667,700,33
Peumerit-Quintin,167,200,33
La Mazière-aux-Bons-Hommes,67,100,33
Saint-Marc-à-Frongier,367,400,33
Felletin,1867,1900,33
Saint-Médard-d'Excideuil,567,600,33
Fonroque,267,300,33
Valojoulx,267,300,33
Queyssac,467,500,33
La Chapelle-Montabourlet,67,100,33
Présentevillers,467,500,33
Vaux-et-Chantegrue,567,600,33
Le Bizot,267,300,33
Battenans-Varin,67,100,33
Berthelange,267,300,33
Montjoyer,267,300,33
La Roche-de-Glun,3167,3200,33
Bénivay-Ollon,67,100,33
Comps,167,200,33
Thilliers-en-Vexin,467,500,33
Iville,467,500,33
Barneville-sur-Seine,467,500,33
Chambord,167,200,33
Rugles,2367,2400,33
La Haye-du-Theil,267,300,33
Oinville-Saint-Liphard,267,300,33
La Saucelle,167,200,33
Sorel-Moussel,1767,1800,33
Écluzelles,167,200,33
Saint-Ignan,267,300,33
Lamothe-Goas,67,100,33
Castelnau-d'Auzan,1067,1100,33
Séailles,67,100,33
Bazugues,67,100,33
Campugnan,467,500,33
Garrigues,167,200,33
Aigurande,1567,1600,33
La Châtre-Langlin,567,600,33
Fontgombault,267,300,33
Savigné-sur-Lathan,1367,1400,33
Crouzilles,567,600,33
Continvoir,467,500,33
Genod,67,100,33
Crans,67,100,33
Abergement-lès-Thésy,67,100,33
Chambéria,167,200,33
Digna,367,400,33
Frontenay,167,200,33
Coyrière,67,100,33
Fontenu,67,100,33
Peyrehorade,3467,3500,33
Arx,67,100,33
Seur,467,500,33
Civens,1367,1400,33
Ménestreau-en-Villette,1467,1500,33
Lauzès,167,200,33
Rignac,267,300,33
Vidaillac,167,200,33
Saint-Avit,167,200,33
Clermont-Soubiran,367,400,33
Ségalas,167,200,33
Saint-Juéry,67,100,33
Le Puy-Notre-Dame,1267,1300,33
Courléon,167,200,33
Beauficel,167,200,33
Brectouville,167,200,33
Auderville,267,300,33
Varouville,267,300,33
Gréville-Hague,767,800,33
La Haye-Pesnel,1367,1400,33
Brix,2067,2100,33
Pouillon,467,500,33
Écury-le-Repos,67,100,33
Glannes,167,200,33
Le Baizil,267,300,33
Saudoy,367,400,33
Flammerécourt,67,100,33
Mardor,67,100,33
Saint-Loup-sur-Aujon,167,200,33
Laferté-sur-Aube,367,400,33
Consigny,67,100,33
Cuillé,967,1000,33
Le Ribay,467,500,33
Bouchamps-lès-Craon,567,600,33
Juvrecourt,67,100,33
Viéville-en-Haye,167,200,33
Montauville,1167,1200,33
Pulney,67,100,33
Foug,2767,2800,33
Valhey,167,200,33
Saint-Supplet,167,200,33
Bouzanville,67,100,33
Autreville-sur-Moselle,267,300,33
Ville-au-Montois,267,300,33
Gellenoncourt,67,100,33
Audun-le-Roman,2467,2500,33
Breux,267,300,33
Clermont-en-Argonne,1567,1600,33
Dommartin-la-Montagne,67,100,33
Sarraltroff,767,800,33
Zarbeling,67,100,33
Wargnies-le-Grand,1067,1100,33
Estrées,967,1000,33
Vertain,467,500,33
Coudekerque-Village,1167,1200,33
Choisies,67,100,33
La Neuville-Garnier,267,300,33
La Neuville-Saint-Pierre,167,200,33
Saint-Hilaire-sur-Erre,567,600,33
Saint-Agnan-sur-Erre,167,200,33
Batilly,167,200,33
Lignerolles,167,200,33
Widehem,267,300,33
Auchy-les-Mines,4467,4500,33
Annay,4267,4300,33
Cucq,5167,5200,33
Guemps,967,1000,33
Oisy-le-Verger,1267,1300,33
Recques-sur-Course,267,300,33
Incourt,67,100,33
Lapeyrouse,567,600,33
Thiolières,167,200,33
Boudes,267,300,33
Grandrif,167,200,33
Lichans-Sunhar,67,100,33
Lahontan,467,500,33
Baliros,367,400,33
Bettes,67,100,33
Horgues,1067,1100,33
Pailhac,67,100,33
Lichtenberg,567,600,33
Aschbach,667,700,33
Itterswiller,267,300,33
Soultz-Haut-Rhin,7267,7300,33
Purgerot,367,400,33
Montcourt,67,100,33
Montdoré,67,100,33
La Roche-Morey,267,300,33
Maussans,67,100,33
Bissy-sous-Uxelles,67,100,33
Saint-Bonnet-en-Bresse,467,500,33
Lalheue,367,400,33
Dampierre-en-Bresse,167,200,33
Vitry-lès-Cluny,67,100,33
Saint-Vital,667,700,33
Allues,1867,1900,33
Montgellafrey,67,100,33
Sainte-Foy-Tarentaise,767,800,33
Aussois,667,700,33
Saint-Eustache,467,500,33
La Crique,367,400,33
Tousson,367,400,33
La Croix-en-Brie,667,700,33
Nantouillet,267,300,33
Longnes,1467,1500,33
Groseillers,67,100,33
Villemain,167,200,33
Caunay,167,200,33
Barly,167,200,33
Thézy-Glimont,467,500,33
Halloy-lès-Pernois,367,400,33
Franqueville,167,200,33
Dury,1267,1300,33
Brouchy,567,600,33
Belleserre,167,200,33
Sauveterre,167,200,33
Bazoges-en-Pareds,1167,1200,33
Varennes,367,400,33
Berrie,267,300,33
Vaudeville,167,200,33
Ableuvenettes,67,100,33
Villenavotte,167,200,33
Nitry,367,400,33
Évry,367,400,33
Andelnans,1267,1300,33
Épinay-Champlâtreux,67,100,33
Casevecchie,67,100,33
Maillat,668,700,32
Meximieux,7268,7300,32
Vivaise,768,800,32
Voharies,68,100,32
Breny,268,300,32
Montigny-Lengrain,668,700,32
Thenelles,568,600,32
Chartèves,368,400,32
Wimy,468,500,32
Saint-Didier-en-Donjon,268,300,32
Maillet,368,400,32
Vaumeilh,268,300,32
Thuiles,368,400,32
Le Brusquet,968,1000,32
Entrevennes,168,200,32
Puy-Saint-André,468,500,32
Saint-Chaffrey,1668,1700,32
Lagrand,268,300,32
Pont-de-Labeaume,568,600,32
Aubrives,868,900,32
Floing,2468,2500,32
Justine-Herbigny,168,200,32
Campagne-sur-Arize,268,300,32
Garanou,168,200,32
Tarascon-sur-Ariège,3468,3500,32
Allibaudières,268,300,32
Cassaignes,68,100,32
Villardebelle,68,100,32
Payra-sur-l'Hers,168,200,32
Entraygues-sur-Truyère,1168,1200,32
Louvières,68,100,32
Anguerny,768,800,32
Saint-Sever-Calvados,1368,1400,32
Grandchamp-le-Château,68,100,32
Notre-Dame-d'Estrées,168,200,32
Lacapelle-Viescamp,468,500,32
Neussargues-Moissac,968,1000,32
Méallet,168,200,32
Saint-Pierre,168,200,32
Charmé,368,400,32
Juillac-le-Coq,668,700,32
Couture,168,200,32
Condac,468,500,32
Massac,168,200,32
Mons,468,500,32
Lapan,168,200,32
Marc-la-Tour,168,200,32
La Motte-Ternant,168,200,32
Pouillenay,568,600,32
Saint-Jean-de-Losne,1168,1200,32
Fraignot-et-Vesvrotte,68,100,32
Posanges,68,100,32
Saint-Julien-le-Châtel,168,200,32
Saint-Georges-Nigremont,168,200,32
Châtelus-le-Marcheix,368,400,32
Saint-Michel-de-Veisse,168,200,32
Ligueux,268,300,32
Bourniquel,68,100,32
Cornille,668,700,32
Graulges,68,100,32
Saint-Saud-Lacoussière,868,900,32
Pressignac-Vicq,468,500,32
Orve,68,100,32
Liebvillers,168,200,32
Le Crouzet,68,100,32
Athose,168,200,32
Mouthe,968,1000,32
Aubenasson,68,100,32
Omblèze,68,100,32
Gigors-et-Lozeron,168,200,32
Ormes,468,500,32
Saint-Philbert-sur-Boissey,168,200,32
Bretigny,168,200,32
Saint-Georges-sur-Eure,2468,2500,32
Villiers-Saint-Orien,168,200,32
Thiville,368,400,32
Aunay-sous-Crécy,568,600,32
Argenvilliers,368,400,32
Montgiscard,2068,2100,32
Herran,68,100,32
Montberon,2768,2800,32
Frontignan-de-Comminges,68,100,32
Saint-Laurent,168,200,32
Monblanc,368,400,32
Ladevèze-Ville,268,300,32
Endoufielle,568,600,32
Lagardère,68,100,32
Prignac-et-Marcamps,1368,1400,32
Plassac,868,900,32
Moulon,968,1000,32
Ligueux,168,200,32
Saint-Briac-sur-Mer,1968,2000,32
Preuilly-la-Ville,168,200,32
Le Pêchereau,1968,2000,32
Vicq-sur-Nahon,768,800,32
Lureuil,268,300,32
Tilly,168,200,32
Panzoult,568,600,32
Seuilly,368,400,32
Saint-Maurice-en-Trièves,168,200,32
Pommiers-la-Placette,568,600,32
Saint-Just-Chaleyssin,2468,2500,32
Semons,368,400,32
La Boissière,68,100,32
Montfleur,168,200,32
Cernon,268,300,32
Aumur,368,400,32
Balaiseaux,268,300,32
Brainans,168,200,32
Monnet-la-Ville,368,400,32
Saint-Thiébaud,68,100,32
Montmirey-le-Château,168,200,32
Moustey,668,700,32
Dumes,268,300,32
Fortan,268,300,32
Saint-Pierre-la-Noaille,368,400,32
Roche,268,300,32
Bellevue-la-Montagne,468,500,32
Gaubertin,268,300,32
Mayrac,268,300,32
Boussac,168,200,32
Molières,368,400,32
Calès,168,200,32
Rayet,168,200,32
Fournels,368,400,32
Le Collet-de-Dèze,668,700,32
La Fage-Montivernoux,168,200,32
Saint-André-Capcèze,168,200,32
Champigné,2068,2100,32
Le Mesnil-en-Vallée,1468,1500,32
Le Mesnil-Rogues,168,200,32
Besneville,668,700,32
Fontenay-sur-Mer,168,200,32
Gouvets,268,300,32
Blosville,268,300,32
Bannes,268,300,32
Ognes,68,100,32
Matougues,668,700,32
Gaye,568,600,32
Châtillon-sur-Broué,68,100,32
Prunay,968,1000,32
Péas,68,100,32
Chenay,268,300,32
Pierremont-sur-Amance,168,200,32
Vaux-sur-Saint-Urbain,68,100,32
Annéville-la-Prairie,68,100,32
Praslay,68,100,32
Colmier-le-Haut,68,100,32
Montreuil-sur-Thonnance,68,100,32
Chérancé,168,200,32
Le Horps,768,800,32
Saint-Aignan-sur-Roë,868,900,32
Houdemont,2368,2400,32
Beaumont,68,100,32
Praye,268,300,32
Pont-Saint-Vincent,1968,2000,32
Hammeville,168,200,32
Mars-la-Tour,968,1000,32
Viviers-sur-Chiers,668,700,32
Érize-la-Petite,68,100,32
Chattancourt,168,200,32
Julvécourt,68,100,32
Buzy-Darmont,568,600,32
Void-Vacon,1668,1700,32
Tronville-en-Barrois,1568,1600,32
Chonville-Malaumont,168,200,32
Récicourt,168,200,32
Vaudoncourt,68,100,32
Holacourt,68,100,32
Tarquimpol,68,100,32
Ancerville,268,300,32
Mainvillers,268,300,32
Elvange,368,400,32
Rémilly,168,200,32
Jailly,68,100,32
Nolay,368,400,32
Eppe-Sauvage,268,300,32
Beaurieux,168,200,32
Noyelles-sur-Selle,768,800,32
Mouchin,1368,1400,32
Clairfayts,368,400,32
Château-l'Abbaye,868,900,32
Anhiers,968,1000,32
Braisnes,168,200,32
Trumilly,568,600,32
Courcerault,168,200,32
Ménil-Gondouin,168,200,32
Saint-Brice,168,200,32
Marquay,168,200,32
Achiet-le-Grand,1068,1100,32
Saint-Tricat,668,700,32
Maizières,168,200,32
Saint-Martin-Choquel,468,500,32
Bavincourt,368,400,32
Averdoingt,268,300,32
Boursin,268,300,32
Isques,1168,1200,32
Groffliers,1468,1500,32
Queuille,268,300,32
Larodde,268,300,32
Saint-Floret,268,300,32
Viellenave-de-Navarrenx,168,200,32
Préchacq-Navarrenx,168,200,32
Idaux-Mendy,268,300,32
Lussagnet-Lusson,168,200,32
Sireix,68,100,32
Marsas,68,100,32
Nahuja,68,100,32
Nohèdes,68,100,32
Vivès,168,200,32
Bitschhoffen,468,500,32
Barembach,868,900,32
Eywiller,268,300,32
Mommenheim,1768,1800,32
Achenheim,2168,2200,32
Buethwiller,268,300,32
Emlingen,268,300,32
Jonage,5768,5800,32
Montessaux,168,200,32
Augicourt,168,200,32
Varennes-Saint-Sauveur,1168,1200,32
Sivignon,168,200,32
Gesnes-le-Gandelin,968,1000,32
Dureil,68,100,32
Flamets-Frétils,168,200,32
Doudeville,2568,2600,32
Claville-Motteville,268,300,32
Saint-Martin-du-Bec,568,600,32
Grand-Camp,668,700,32
Lucy,168,200,32
Champeaux,768,800,32
Lizines,168,200,32
Saint-Mars-Vieux-Maisons,268,300,32
Boinvilliers,268,300,32
La Villeneuve-en-Chevrie,568,600,32
Lageon,368,400,32
Vouhé,368,400,32
Harponville,168,200,32
Louvencourt,268,300,32
Sancourt,268,300,32
Le Meillard,168,200,32
Forceville-en-Vimeu,268,300,32
Marchélepot,468,500,32
Chapelle,68,100,32
Contay,368,400,32
Saint-Michel-de-Vax,68,100,32
Saint-Cirice,168,200,32
Tanneron,1468,1500,32
Fontaine-de-Vaucluse,668,700,32
Liez,268,300,32
Maillezais,968,1000,32
Mervent,1068,1100,32
Journet,368,400,32
Coulonges,268,300,32
Curzay-sur-Vonne,468,500,32
La Chapelle-aux-Bois,668,700,32
Vomécourt-sur-Madon,68,100,32
Damas-aux-Bois,268,300,32
Vicherey,168,200,32
Darney-aux-Chênes,68,100,32
Ubexy,168,200,32
La Forge,568,600,32
Médonville,68,100,32
Anglemont,168,200,32
Greux,168,200,32
Corscia,168,200,32
Crans,269,300,31
Sermoyer,669,700,31
Sulignat,569,600,31
Jumigny,69,100,31
Renansart,169,200,31
Prémontré,769,800,31
Clairfontaine,569,600,31
Gricourt,869,900,31
Watigny,369,400,31
Danizy,569,600,31
Saint-Pierre-Laval,369,400,31
Val-de-Chalvagne,69,100,31
Lemps,769,800,31
Juvinas,169,200,31
Chandolas,469,500,31
Montgon,69,100,31
Donchery,2369,2400,31
Vaux-en-Dieulet,69,100,31
Mont-Laurent,69,100,31
Le Châtelet-sur-Sormonne,169,200,31
Montégut-en-Couserans,69,100,31
Lassicourt,69,100,31
Saint-Papoul,769,800,31
Brézilhac,169,200,31
Sébazac-Concourès,3069,3100,31
Nauviale,569,600,31
Grimbosq,269,300,31
Livarot,2269,2300,31
Martragny,369,400,31
Colleville-Montgomery,2169,2200,31
Saint-Manvieu-Bocage,569,600,31
Saint-Germain-de-Tallevende-la-Lande-Vaumont,1969,2000,31
Bernières-le-Patry,569,600,31
Moussages,269,300,31
Bonneuil,269,300,31
Angeac-Charente,369,400,31
Semillac,69,100,31
Saint-Bonnet-sur-Gironde,869,900,31
Beyssenac,369,400,31
Orliac-de-Bar,269,300,31
Chirac-Bellevue,269,300,31
Norges-la-Ville,869,900,31
Crugey,169,200,31
Villargoix,169,200,31
Neuilly-lès-Dijon,1869,1900,31
Collonges-lès-Premières,769,800,31
Soirans,469,500,31
Cérilly,269,300,31
Poiseul-la-Grange,69,100,31
Lanloup,269,300,31
Saint-Nicodème,169,200,31
Châtelus-Malvaleix,569,600,31
Vidaillat,169,200,31
Saint-Vincent-le-Paluel,269,300,31
Bourdeilles,769,800,31
Payzac,1069,1100,31
Mont-de-Vougney,169,200,31
Gondenans-Montby,169,200,31
Damprichard,1769,1800,31
Courchapon,169,200,31
Eygalayes,69,100,31
Perriers-la-Campagne,369,400,31
Bémécourt,469,500,31
Bazoques,169,200,31
Mousseaux-Neuville,669,700,31
La Ferrière-sur-Risle,269,300,31
Crosville-la-Vieille,569,600,31
Landelles,569,600,31
Lanneray,569,600,31
Berchères-Saint-Germain,769,800,31
Guerlesquin,1369,1400,31
Sainte-Cécile-d'Andorge,569,600,31
Aubord,2369,2400,31
Saint-Sauveur-Camprieu,269,300,31
Saint-Julia,369,400,31
Moustajon,169,200,31
Proupiary,69,100,31
Luscan,69,100,31
Monès,69,100,31
Montégut-Lauragais,469,500,31
Pallanne,69,100,31
Estampes,169,200,31
Labarthe,169,200,31
Tarsac,169,200,31
Lugasson,269,300,31
Neuffons,169,200,31
Saint-Genès-de-Blaye,469,500,31
Esseintes,269,300,31
Lerm-et-Musset,469,500,31
Saint-Guilhem-le-Désert,269,300,31
Vailhan,169,200,31
Le Rheu,7669,7700,31
Montipouret,569,600,31
Chalais,169,200,31
Sassierges-Saint-Germain,469,500,31
Vouvray,3069,3100,31
Montchaboud,369,400,31
Molinges,669,700,31
Cézia,69,100,31
Trenal,369,400,31
Lestiou,269,300,31
Saint-Viâtre,1269,1300,31
Perreux,2169,2200,31
Neulise,1269,1300,31
Beaumont,269,300,31
Darvoy,1869,1900,31
Théminettes,169,200,31
Escamps,169,200,31
Prayssac,2469,2500,31
Girac,369,400,31
Loubès-Bernac,369,400,31
Saint-Léger,169,200,31
Saint-Léger-de-Peyre,169,200,31
Montanel,369,400,31
Écoquenéauville,69,100,31
Pargny-sur-Saulx,1969,2000,31
Vavray-le-Grand,169,200,31
Bergères-lès-Vertus,569,600,31
Jonchery-sur-Suippe,169,200,31
Bouilly,169,200,31
Villeneuve,69,100,31
Arbot,69,100,31
Mennouveaux,69,100,31
Arc-en-Barrois,769,800,31
Piennes,2469,2500,31
Bernécourt,169,200,31
Buissoncourt,269,300,31
Mattexey,69,100,31
Hénaménil,169,200,31
Bezange-la-Grande,169,200,31
Raival,269,300,31
Han-sur-Meuse,269,300,31
Saint-Amand-sur-Ornain,69,100,31
Vaudeville-le-Haut,69,100,31
Filstroff,869,900,31
Kirschnaumen,469,500,31
Herny,469,500,31
La Celle-sur-Nièvre,169,200,31
La Groise,469,500,31
Zuydcoote,1669,1700,31
Épineuse,269,300,31
Bouconvillers,369,400,31
La Rue-Saint-Pierre,769,800,31
La Neuville-Roy,969,1000,31
Couloisy,469,500,31
Liancourt,7169,7200,31
Neufchelles,369,400,31
Amy,369,400,31
Boissy-Maugis,369,400,31
Le Gué-de-la-Chaîne,769,800,31
Laleu,369,400,31
Le Ménil-Bérard,69,100,31
La Motte-Fouquet,169,200,31
Argentan,14369,14400,31
Saint-Brice-sous-Rânes,169,200,31
La Lande-sur-Eure,169,200,31
Suré,269,300,31
Mâle,769,800,31
Avernes-Saint-Gourgon,69,100,31
Authieux-du-Puits,69,100,31
Vaulx-Vraucourt,1069,1100,31
Lisbourg,569,600,31
Verton,2269,2300,31
Bainghen,169,200,31
Singles,169,200,31
Saint-Martin-des-Olmes,269,300,31
Esteil,69,100,31
Peslières,69,100,31
Bussunarits-Sarrasquette,169,200,31
Avezac-Prat-Lahitte,569,600,31
Villenave-près-Marsac,69,100,31
Trie-sur-Baïse,1069,1100,31
Burg,269,300,31
Dorres,169,200,31
Scherwiller,3069,3100,31
Rothbach,469,500,31
Hangenbieten,1469,1500,31
Heidolsheim,469,500,31
Wangenbourg-Engenthal,1369,1400,31
Zellenberg,369,400,31
Schlierbach,1169,1200,31
Bretten,169,200,31
Niederhergheim,969,1000,31
Montboillon,269,300,31
Montceaux-l'Étoile,269,300,31
Saint-Edmond,369,400,31
Saint-Maurice-lès-Couches,169,200,31
Sassangy,169,200,31
Maresché,869,900,31
Louailles,769,800,31
Conflans-sur-Anille,569,600,31
Saint-Germain-d'Étables,269,300,31
Notre-Dame-du-Parc,169,200,31
Angiens,569,600,31
Royville,269,300,31
Lamberville,169,200,31
Estouteville-Écalles,469,500,31
Longroy,669,700,31
Touffreville-la-Corbeline,769,800,31
Vanvillé,169,200,31
Gesvres-le-Chapitre,169,200,31
Le Plessis-Placy,269,300,31
L'Étang-la-Ville,4769,4800,31
Mondreville,369,400,31
La Boissière-École,769,800,31
Gambaiseuil,69,100,31
Le Tremblay-sur-Mauldre,969,1000,31
Mazières-en-Gâtine,969,1000,31
Souvigné,869,900,31
Mairé-Levescault,569,600,31
Avesnes-Chaussoy,69,100,31
Saint-Gratien,369,400,31
Framicourt,169,200,31
Tilloloy,369,400,31
Arrest,869,900,31
Gratibus,169,200,31
Flers,169,200,31
Erches,169,200,31
Vaire-sous-Corbie,269,300,31
Breilly,469,500,31
Montagne-Fayel,169,200,31
Estrées-Mons,569,600,31
Rouairoux,369,400,31
Lacapelle-Pinet,69,100,31
Rouffiac,569,600,31
Glatens,69,100,31
Séguret,869,900,31
Vaison-la-Romaine,6169,6200,31
Le Vigeant,669,700,31
Charroux,1169,1200,31
Lizant,469,500,31
Ollainville,69,100,31
Xonrupt-Longemer,1569,1600,31
Ménil-en-Xaintois,169,200,31
Gignéville,69,100,31
Moussey,669,700,31
Grandchamp,369,400,31
Villiers-Louis,469,500,31
Cheny,2469,2500,31
Looze,469,500,31
Étueffont,1469,1500,31
Essert,3169,3200,31
Courdimanche-sur-Essonne,269,300,31
Garches,18169,18200,31
La Frette-sur-Seine,4569,4600,31
Frouville,369,400,31
Châtenay-en-France,69,100,31
Renno,69,100,31
Levie,769,800,31
Riventosa,169,200,31
Patrimonio,669,700,31
Thil,1070,1100,30
Beauregard,870,900,30
Cize,170,200,30
Pargny-la-Dhuys,170,200,30
Jouaignes,170,200,30
Paissy,70,100,30
Le Thuel,170,200,30
Révillon,70,100,30
Fère-en-Tardenois,3270,3300,30
Cressanges,670,700,30
Saint-Loup,570,600,30
Saint-Désiré,470,500,30
Aurouër,370,400,30
Banon,1070,1100,30
Senez,170,200,30
Bénévent-et-Charbillac,270,300,30
Agnières-en-Dévoluy,270,300,30
Saint-Bauzile,270,300,30
Rouvroy-sur-Audry,570,600,30
Marvaux-Vieux,70,100,30
Suzanne,70,100,30
Sauville,270,300,30
Bordes-sur-Lez,170,200,30
Loches-sur-Ource,370,400,30
Saint-Hilaire-sous-Romilly,370,400,30
Jasseines,170,200,30
Lacombe,170,200,30
Nébias,270,300,30
Tayrac,170,200,30
Le Vibal,470,500,30
Garcelles-Secqueville,770,800,30
Colombiers-sur-Seulles,170,200,30
Juvigny-sur-Seulles,70,100,30
Saint-Pierre-des-Ifs,470,500,30
Le Vaulmier,70,100,30
Torsac,770,800,30
Saint-Claud,1070,1100,30
Mosnac,470,500,30
Villognon,370,400,30
Saint-Sulpice-de-Cognac,1270,1300,30
Ruelle-sur-Touvre,7370,7400,30
Vanzac,170,200,30
Saint-Martin-de-Juillers,170,200,30
Chives,370,400,30
Moings,170,200,30
Le Pin,70,100,30
Voissay,170,200,30
Saint-Hilaire-de-Court,670,700,30
Saint-Michel-de-Volangis,470,500,30
Lugny-Champagne,170,200,30
Saint-Pantaléon-de-Lapleau,70,100,30
Collonges-la-Rouge,470,500,30
Saint-Pardoux-le-Neuf,70,100,30
Lamazière-Haute,70,100,30
Servières-le-Château,670,700,30
Agey,270,300,30
Blancey,70,100,30
Bard-le-Régulier,70,100,30
Champignolles,70,100,30
Carnoët,770,800,30
Cressat,570,600,30
Faux-Mazuras,170,200,30
Saint-Médard-la-Rochette,570,600,30
Naillat,670,700,30
Jouillat,470,500,30
Saint-Félix-de-Bourdeilles,70,100,30
Bussac,370,400,30
L'Isle-sur-le-Doubs,3170,3200,30
Cour-Saint-Maurice,170,200,30
Ouhans,370,400,30
Saint-Gorgon-Main,270,300,30
Félines-sur-Rimandoule,70,100,30
Mornans,70,100,30
La Boissière,270,300,30
Port-Mort,970,1000,30
Saint-Nicolas-du-Bosc,270,300,30
Harquency,270,300,30
Le Favril,170,200,30
Manou,570,600,30
Guainville,670,700,30
Le Mée,270,300,30
Saint-Rivoal,170,200,30
Pleyber-Christ,3070,3100,30
Aigremont,670,700,30
Ambax,70,100,30
Saint-Pierre-de-Lages,770,800,30
Nogaret,70,100,30
Saux-et-Pomarède,270,300,30
Cazeneuve-Montaut,70,100,30
Saleich,370,400,30
Garac,170,200,30
Peyrusse-Vieille,70,100,30
Castelnau-sur-l'Auvignon,170,200,30
Monties,70,100,30
Mirannes,70,100,30
Mauriac,270,300,30
Pailhès,470,500,30
Mecé,570,600,30
Boistrudan,670,700,30
Brielles,670,700,30
Saint-M'Hervé,1370,1400,30
Bouesse,370,400,30
Saint-Martin-de-Lamps,170,200,30
Gehée,270,300,30
Palluau-sur-Indre,770,800,30
Prissac,670,700,30
Selles-sur-Nahon,70,100,30
Marcieu,70,100,30
Moras,470,500,30
Moissey,570,600,30
Montigny-lès-Arsures,270,300,30
Trensacq,270,300,30
Saint-Barthélemy,370,400,30
Saint-Cricq-du-Gave,370,400,30
Houssay,370,400,30
Lorges,370,400,30
Saint-Julien-d'Oddes,270,300,30
La Grand-Croix,5070,5100,30
Loudes,870,900,30
Saint-Julien-Chapteuil,1870,1900,30
Barges,70,100,30
Bonnée,670,700,30
Puyjourdes,70,100,30
Vaylats,270,300,30
Bach,170,200,30
Loupiac,270,300,30
Frégimont,270,300,30
Puymiclan,570,600,30
Lusignan-Petit,370,400,30
Le Malzieu-Forain,470,500,30
Saint-Sauveur-de-Landemont,870,900,30
Rairies,970,1000,30
Cantenay-Épinard,2070,2100,30
Minaucourt-le-Mesnil-lès-Hurlus,70,100,30
Courmas,170,200,30
Le Fresne,70,100,30
Jonchery-sur-Vesle,1970,2000,30
Villers-aux-Nœuds,170,200,30
Rivières-le-Bois,70,100,30
Maizières,170,200,30
Voillecomte,470,500,30
Noncourt-sur-le-Rongeant,170,200,30
Richebourg,270,300,30
Culmont,570,600,30
Saint-Michel-de-Feins,170,200,30
Champgenéteux,570,600,30
Pontmain,870,900,30
Saint-Baussant,70,100,30
Boismont,470,500,30
Emberménil,270,300,30
Villacourt,470,500,30
Courbesseaux,270,300,30
Saxon-Sion,70,100,30
Behonne,670,700,30
Ancerville,2770,2800,30
Boinville-en-Woëvre,70,100,30
Ranzières,70,100,30
Vaux-devant-Damloup,70,100,30
Brandeville,170,200,30
Chauvency-le-Château,270,300,30
Fribourg,170,200,30
Angevillers,1270,1300,30
Flévy,570,600,30
Zilling,270,300,30
Réding,2470,2500,30
Tronsanges,370,400,30
Taconnay,70,100,30
Sassegnies,270,300,30
Bantigny,470,500,30
Préseau,1870,1900,30
Eringhem,470,500,30
Biermont,170,200,30
Luchy,570,600,30
Fresne-Léguillon,470,500,30
Mélicocq,670,700,30
Fouquerolles,270,300,30
Mortefontaine,870,900,30
Candor,270,300,30
Novillers,370,400,30
Belfonds,170,200,30
Saint-Maurice-sur-Huisne,70,100,30
Chênedouit,170,200,30
La Perrière,270,300,30
Chaumont,170,200,30
Saint-Pierre-la-Rivière,170,200,30
Neuville-Bourjonval,170,200,30
Saint-Étienne-au-Mont,5070,5100,30
Villers-l'Hôpital,270,300,30
Bihucourt,370,400,30
Béthonsart,170,200,30
Nabringhen,170,200,30
Estrée-Cauchy,370,400,30
Artonne,770,800,30
Usson,270,300,30
Saint-Maurice-près-Pionsat,370,400,30
Saint-Martin-d'Arrossa,470,500,30
Castetbon,170,200,30
Sarlabous,70,100,30
Villenave-près-Béarn,70,100,30
Sauveterre,170,200,30
Corneilla-de-Conflent,470,500,30
Banyuls-sur-Mer,4670,4700,30
Engwiller,470,500,30
Pfettisheim,770,800,30
Schœnenbourg,670,700,30
Uttwiller,170,200,30
Crœttwiller,170,200,30
Propières,470,500,30
Duerne,770,800,30
Mersuay,270,300,30
Étuz,670,700,30
Montureux-lès-Baulay,170,200,30
La Quarte,70,100,30
Granges-le-Bourg,370,400,30
Sainte-Marie-en-Chaux,170,200,30
Gevigney-et-Mercey,470,500,30
Vernois-sur-Mance,170,200,30
Cronat,570,600,30
Écuisses,1670,1700,30
Dracy-lès-Couches,170,200,30
Anglure-sous-Dun,170,200,30
Solutré-Pouilly,370,400,30
Saint-Calez-en-Saosnois,170,200,30
Vaas,1570,1600,30
Malicorne-sur-Sarthe,1970,2000,30
Saint-Honoré,170,200,30
Sorquainville,170,200,30
Saint-Aubin-Celloville,970,1000,30
Saint-Rémy-Boscrocourt,770,800,30
Greuville,370,400,30
Hattenville,670,700,30
Cleuville,170,200,30
Forfry,270,300,30
Nanteuil,1670,1700,30
Harbonnières,1470,1500,30
Thennes,470,500,30
Quivières,170,200,30
Saint-Léger-lès-Domart,1870,1900,30
Glisy,570,600,30
Authuille,170,200,30
La Neuville-lès-Bray,270,300,30
Sains-en-Amiénois,1170,1200,30
Amarens,70,100,30
Féneyrols,170,200,30
Lapenche,170,200,30
Saint-Laurent-de-Jourdes,170,200,30
Bouresse,570,600,30
Thollet,170,200,30
Thiat,170,200,30
Jabreilles-les-Bordes,270,300,30
Docelles,970,1000,30
Beaufremont,70,100,30
Boulaincourt,70,100,30
Sainte-Hélène,470,500,30
Xertigny,2770,2800,30
Fontenailles,70,100,30
Quincerot,70,100,30
Chichery,470,500,30
Merry-Sec,170,200,30
Fontaines,470,500,30
Foussemagne,970,1000,30
Puiselet-le-Marais,270,300,30
Petreto-Bicchisano,570,600,30
Nonza,70,100,30
Lama,170,200,30
Peyriat,171,200,29
Noyales,171,200,29
Ramicourt,171,200,29
Verneuil-sur-Serre,271,300,29
Mayot,171,200,29
Cerny-en-Laonnois,71,100,29
Taillefontaine,271,300,29
Blesmes,371,400,29
Colonfay,71,100,29
Neure,171,200,29
Bourbon-l'Archambault,2571,2600,29
Vernusse,171,200,29
Montcombroux-les-Mines,371,400,29
Angles,71,100,29
Saint-Auban-d'Oze,71,100,29
Saint-Paul-le-Jeune,871,900,29
Lavillatte,71,100,29
Nozières,271,300,29
Neuville-Day,171,200,29
Doux,71,100,29
Hagnicourt,71,100,29
Sault-Saint-Remy,171,200,29
Saint-Jean-de-Bonneval,371,400,29
Tournissan,271,300,29
Belcastel-et-Buc,71,100,29
Montirat,71,100,29
Martys,271,300,29
Recoules-Prévinquières,471,500,29
Roullours,871,900,29
Leffard,171,200,29
Saint-Hymer,671,700,29
Saint-Omer,171,200,29
Tordouet,271,300,29
Escorailles,71,100,29
Villejésus,571,600,29
Nanteuil-en-Vallée,1471,1500,29
Fléac-sur-Seugne,371,400,29
Virollet,271,300,29
Courant,371,400,29
Bannay,771,800,29
Bengy-sur-Craon,671,700,29
Saligny-le-Vif,171,200,29
Achères,371,400,29
Gros-Chastang,171,200,29
Affieux,371,400,29
Puy-d'Arnac,271,300,29
Veix,71,100,29
Champagnac-la-Prune,171,200,29
Saulx-le-Duc,271,300,29
Ménessaire,71,100,29
Coulmier-le-Sec,271,300,29
Vernot,71,100,29
Auxant,71,100,29
Calorguen,671,700,29
Hémonstoir,671,700,29
Colondannes,271,300,29
Saint-Amand-Jartoudeix,171,200,29
Lépinas,171,200,29
Petit-Bersac,171,200,29
Peyzac-le-Moustier,171,200,29
Saint-Cyprien,1571,1600,29
Beaupouyet,471,500,29
Paulin,271,300,29
Badefols-d'Ans,471,500,29
Montperreux,771,800,29
Noël-Cerneux,371,400,29
Bouclans,971,1000,29
Arçon,771,800,29
Montussaint,71,100,29
Cuse-et-Adrisans,271,300,29
Villers-sous-Chalamont,271,300,29
Buis-les-Baronnies,2271,2300,29
Verclause,71,100,29
Colletot,171,200,29
Bois-Anzeray,171,200,29
Sassey,171,200,29
Lilly,71,100,29
Hondouville,771,800,29
La Haye-de-Routot,271,300,29
Amilly,1871,1900,29
Brou,3471,3500,29
Yermenonville,571,600,29
Sainte-Sève,871,900,29
Lanmeur,2171,2200,29
Ouessant,871,900,29
Saint-Sauveur,771,800,29
Saint-Paulet-de-Caisson,1771,1800,29
Arphy,171,200,29
Portet-d'Aspet,71,100,29
Sauvimont,71,100,29
Montégut-Savès,71,100,29
Marguestau,71,100,29
Campagne,271,300,29
Cruzy,971,1000,29
Colombières-sur-Orb,471,500,29
Mellé,671,700,29
Mondevert,771,800,29
Francillon,71,100,29
Dun-le-Poëlier,471,500,29
Villandry,1071,1100,29
Chouzé-sur-Loire,2071,2100,29
Bossieu,271,300,29
Saint-Albin-de-Vaulserre,371,400,29
Saint-Barthélemy-de-Séchilienne,471,500,29
Allemond,871,900,29
Crachier,471,500,29
Saligney,171,200,29
Rotalier,171,200,29
Gaillères,571,600,29
Laurède,371,400,29
Montégut,71,100,29
Mont-près-Chambord,3271,3300,29
Brévainville,171,200,29
Santenay,271,300,29
Villeneuve-Frouville,71,100,29
Sainte-Anne,371,400,29
Estivareilles,671,700,29
Saint-Préjet-d'Allier,171,200,29
Chadrac,2671,2700,29
Batz-sur-Mer,3071,3100,29
Tournoisis,371,400,29
Fleury-les-Aubrais,21171,21200,29
Gondreville,371,400,29
Ginouillac,171,200,29
Sarrazac,571,600,29
Tournon-d'Agenais,771,800,29
Le Temple-sur-Lot,971,1000,29
Sainte-Hélène,71,100,29
Laubies,171,200,29
Vernix,171,200,29
Auvers,671,700,29
Villedieu-les-Poêles,3871,3900,29
Lamberville,171,200,29
Le Theil,671,700,29
Pourcy,171,200,29
Arcis-le-Ponsart,271,300,29
Vésigneul-sur-Marne,271,300,29
Monthelon,371,400,29
La Neuville-au-Pont,571,600,29
La Croix-en-Champagne,71,100,29
Contault,71,100,29
Gilley,71,100,29
Vaillant,71,100,29
Renazé,2671,2700,29
Saint-Julien-du-Terroux,271,300,29
Vaucourt,71,100,29
Drouville,171,200,29
Rogéville,171,200,29
Xeuilley,771,800,29
Tellancourt,571,600,29
Bures,71,100,29
Pagney-derrière-Barine,571,600,29
Buriville,71,100,29
Kœur-la-Grande,171,200,29
Mauvages,271,300,29
Saint-Aubin-sur-Aire,171,200,29
Montzéville,171,200,29
Ménil-sur-Saulx,271,300,29
Thierville-sur-Meuse,3071,3100,29
Heippes,71,100,29
Aboncourt-sur-Seille,71,100,29
Yutz,16171,16200,29
Orny,371,400,29
Nébing,371,400,29
Guenviller,671,700,29
Moyenvic,371,400,29
Reyersviller,371,400,29
Haboudange,271,300,29
Saint-Parize-en-Viry,171,200,29
Gimouille,471,500,29
Breugnon,171,200,29
Flaumont-Waudrechies,371,400,29
Larouillies,271,300,29
Haulchin,2371,2400,29
Péronne-en-Mélantois,871,900,29
Marly,11871,11900,29
Beaudignies,571,600,29
Steenwerck,3471,3500,29
Bury,2971,3000,29
Plailly,1671,1700,29
Fournival,471,500,29
Landisacq,771,800,29
Saint-Léonard-des-Parcs,71,100,29
Saint-Fulgent-des-Ormes,171,200,29
Tinchebray,2571,2600,29
Tourailles,71,100,29
Le Mêle-sur-Sarthe,771,800,29
Lougé-sur-Maire,371,400,29
Goulet,371,400,29
Rebreuviette,271,300,29
Vendin-lès-Béthune,2371,2400,29
Esquerdes,1571,1600,29
Foncquevillers,471,500,29
Chambon-sur-Dolore,171,200,29
Labessette,71,100,29
Saint-Just,171,200,29
Lespourcy,171,200,29
Bonloc,371,400,29
Arnos,71,100,29
Bescat,271,300,29
Montfort,171,200,29
Buros,1771,1800,29
Saint-Jean-Pied-de-Port,1471,1500,29
Urdos,71,100,29
Talazac,71,100,29
Castelnau-Magnoac,771,800,29
Gazave,71,100,29
Gembrie,71,100,29
Jacque,71,100,29
Lesquerde,171,200,29
Daubensand,371,400,29
Fouday,371,400,29
Beinheim,1871,1900,29
Weiterswiller,571,600,29
Saint-Sorlin,671,700,29
Magnivray,171,200,29
Beulotte-Saint-Laurent,71,100,29
Breurey-lès-Faverney,571,600,29
La Malachère,271,300,29
Achey,71,100,29
La Vernotte,71,100,29
Pennesières,171,200,29
Autrey-le-Vay,71,100,29
Ratenelle,371,400,29
Saint-Vallerin,271,300,29
Mussy-sous-Dun,371,400,29
Beaubery,371,400,29
Ouroux-sous-le-Bois-Sainte-Marie,71,100,29
Saint-Boil,471,500,29
Dompierre-sous-Sanvignes,71,100,29
Charmoy,271,300,29
Domfront-en-Champagne,971,1000,29
Villaines-la-Carelle,171,200,29
Verthemex,171,200,29
Jarrier,471,500,29
Granier,371,400,29
Notre-Dame-du-Pré,271,300,29
Valliquerville,1271,1300,29
Saint-Martin-aux-Buneaux,671,700,29
Houdetot,171,200,29
Isles-les-Meldeuses,771,800,29
Nanteau-sur-Lunain,671,700,29
Orly-sur-Morin,671,700,29
Othis,6471,6500,29
Villepreux,9871,9900,29
Assais-les-Jumeaux,771,800,29
Sainte-Eanne,671,700,29
Saint-Martin-lès-Melle,871,900,29
Saint-Pierre-des-Échaubrognes,1371,1400,29
Méricourt-l'Abbé,571,600,29
Vauchelles-les-Quesnoy,871,900,29
Forceville,171,200,29
Nesle-l'Hôpital,171,200,29
Marché-Allouarde,71,100,29
Domart-en-Ponthieu,1171,1200,29
La Neuville-Sire-Bernard,271,300,29
Poulainville,1271,1300,29
Larroque,171,200,29
Jonquières,471,500,29
Roussayrolles,71,100,29
Moularès,271,300,29
L'Honor-de-Cos,1571,1600,29
Puylaroque,671,700,29
Saint-Jean-de-Beugné,571,600,29
Saint-Laurent-de-la-Salle,371,400,29
Mairé,171,200,29
La Trimouille,971,1000,29
Lironcourt,71,100,29
La Houssière,571,600,29
Haillainville,171,200,29
Gircourt-lès-Viéville,171,200,29
Valleroy-aux-Saules,271,300,29
Saint-Père,371,400,29
Thizy,171,200,29
Fleys,171,200,29
Val-de-Mercy,371,400,29
Bourogne,1971,2000,29
Ablon-sur-Seine,5171,5200,29
Bréançon,371,400,29
Villaines-sous-Bois,671,700,29
Salice,71,100,29
Cozzano,271,300,29
Urbalacone,71,100,29
Sorbollano,71,100,29
La Burbanche,72,100,28
Baneins,572,600,28
Échallon,772,800,28
Montigny-l'Allier,272,300,28
Besny-et-Loizy,372,400,28
Sissonne,2072,2100,28
Orgeval,72,100,28
Villers-Saint-Christophe,472,500,28
Sorbais,272,300,28
Vassens,172,200,28
Isle-et-Bardais,272,300,28
Le Mayet-d'École,272,300,28
Chantelle,1072,1100,28
Meyronnes,72,100,28
Clamensane,172,200,28
Valgorge,472,500,28
Ribes,272,300,28
Tournavaux,172,200,28
Neufmanil,1172,1200,28
Gruyères,72,100,28
Vandy,172,200,28
Bénac,172,200,28
Carcanières,72,100,28
Teilhet,172,200,28
Vira,172,200,28
Salsigne,372,400,28
Rennes-le-Château,72,100,28
Saint-Pierre-des-Champs,172,200,28
Roquefère,72,100,28
Saint-Rome-de-Cernon,772,800,28
Saint-Amans-des-Cots,772,800,28
Soulages-Bonneval,272,300,28
Pradinas,372,400,28
Maisoncelles-la-Jourdan,472,500,28
Burcy,372,400,28
Loges-Saulces,172,200,28
Ver-sur-Mer,1572,1600,28
Brouay,472,500,28
Villy-Bocage,772,800,28
Vignats,272,300,28
Brageac,72,100,28
Espinasse,72,100,28
Saint-Bonnet,372,400,28
Guimps,472,500,28
Romazières,72,100,28
Moragne,472,500,28
Pessines,772,800,28
Avy,472,500,28
Lorignac,472,500,28
Chezal-Benoît,872,900,28
Sainte-Thorette,472,500,28
Humbligny,172,200,28
Ignol,172,200,28
Soye-en-Septaine,572,600,28
Saint-Sulpice-les-Bois,72,100,28
Saint-Julien-Maumont,172,200,28
Saint-Pardoux-la-Croisille,172,200,28
Pandrignes,172,200,28
Saint-Martin-Sepert,272,300,28
Saint-Martial-de-Gimel,472,500,28
Saint-Germain-de-Modéon,172,200,28
Orgeux,472,500,28
Bessey-la-Cour,72,100,28
Tarsul,172,200,28
Courlon,72,100,28
Montoillot,72,100,28
Grancey-le-Château-Neuvelle,272,300,28
Belle-Isle-en-Terre,1072,1100,28
Saint-Gilles-Pligeaux,272,300,28
Saint-Maudan,372,400,28
Lohuec,272,300,28
Marquay,572,600,28
Chourgnac,72,100,28
Fougueyrolles,472,500,28
Mesmay,72,100,28
Côtebrune,72,100,28
Bians-les-Usiers,572,600,28
Cernay-l'Église,272,300,28
Villedieu,172,200,28
Livron-sur-Drôme,8972,9000,28
Bonlieu-sur-Roubion,372,400,28
Châteauneuf-de-Galaure,1572,1600,28
Montchenu,572,600,28
Amfreville-sur-Iton,772,800,28
Saint-Ouen-d'Attez,272,300,28
Boncourt,172,200,28
Guerny,172,200,28
Épieds,372,400,28
Vaupillon,472,500,28
Orrouer,272,300,28
Crécy-Couvé,272,300,28
Villeau,172,200,28
Villebon,72,100,28
Avèze,1072,1100,28
Logrian-Florian,272,300,28
Tresques,1772,1800,28
Saint-Laurent-de-Carnols,472,500,28
Ausseing,72,100,28
Bragayrac,272,300,28
Mérenvielle,472,500,28
Montastruc-de-Salies,272,300,28
Cabanac-Séguenville,172,200,28
Lapeyrère,72,100,28
Mourvilles-Basses,72,100,28
Cézan,172,200,28
Bellegarde,172,200,28
Blasimon,872,900,28
Saint-Androny,572,600,28
Laroque,272,300,28
Lalande-de-Pomerol,672,700,28
Aires,572,600,28
Cesseras,372,400,28
Saint-Jouan-des-Guérets,2672,2700,28
Noyal-sous-Bazouges,372,400,28
Preuilly-sur-Claise,1072,1100,28
Thizay,272,300,28
Dierre,572,600,28
Souvigny-de-Touraine,372,400,28
La Salette-Fallavaux,72,100,28
Ponsonnas,272,300,28
Saint-Clair-sur-Galaure,272,300,28
Mont-sous-Vaudrey,1272,1300,28
Ranchot,472,500,28
Loulle,172,200,28
Chêne-Bernard,72,100,28
Sirod,572,600,28
Verges,172,200,28
Loisia,172,200,28
Bahus-Soubiran,372,400,28
Cour-sur-Loire,272,300,28
La Gimond,272,300,28
Néronde,472,500,28
Le Chambon-sur-Lignon,2672,2700,28
Torsiac,72,100,28
Montbarrois,272,300,28
Desmonts,172,200,28
Quatre-Routes-du-Lot,672,700,28
Le Montat,972,1000,28
Reilhac,172,200,28
Boissières,372,400,28
Chaulhac,72,100,28
La Bastide-Puylaurent,172,200,28
Saint-Privat-de-Vallongue,272,300,28
Saint-Martin-de-Boubaux,172,200,28
Chemiré-sur-Sarthe,272,300,28
Martigné-Briand,1872,1900,28
Montjoie-Saint-Martin,272,300,28
Marcilly,372,400,28
Valcanville,372,400,28
Pontaubault,472,500,28
Le Mesnil-Amey,272,300,28
Saint-Martin-sur-le-Pré,772,800,28
Maurupt-le-Montois,572,600,28
Berzieux,72,100,28
Coupray,172,200,28
Colombey-les-Deux-Églises,672,700,28
Ville-en-Blaisois,172,200,28
Noyers,72,100,28
Montheries,72,100,28
Saints-Geosmes,972,1000,28
Montigné-le-Brillant,1272,1300,28
Landivy,1172,1200,28
Villaines-la-Juhel,3072,3100,28
Gorron,2772,2800,28
Lebeuville,172,200,28
Saint-Rémy-aux-Bois,72,100,28
Vouthon-Haut,72,100,28
Brauvilliers,172,200,28
Morhange,3772,3800,28
Helstroff,472,500,28
Lostroff,72,100,28
Semécourt,872,900,28
Chérisey,272,300,28
Anthien,172,200,28
Parigny-les-Vaux,972,1000,28
Aunay-en-Bazois,272,300,28
Avesnes-les-Aubert,3672,3700,28
Comines,12372,12400,28
Cauroir,572,600,28
Hordain,1472,1500,28
Haverskerque,1472,1500,28
Montigny-en-Ostrevent,4872,4900,28
Marbaix,472,500,28
Cuise-la-Motte,2172,2200,28
La Villeneuve-sous-Thury,172,200,28
Ansacq,272,300,28
La Neuville-en-Hez,972,1000,28
Vaudancourt,172,200,28
Senantes,672,700,28
Rainvillers,872,900,28
Duvy,472,500,28
Bonnefoi,172,200,28
Irai,572,600,28
Avernes-sous-Exmes,72,100,28
Couvains,172,200,28
Dame-Marie,172,200,28
Estrée-Wamin,172,200,28
Marant,72,100,28
Sains-lès-Pernes,272,300,28
Gouy-en-Ternois,172,200,28
Cléty,672,700,28
Boubers-lès-Hesmond,72,100,28
Thérouanne,1072,1100,28
Sugères,572,600,28
Cros,172,200,28
Davayat,572,600,28
Saint-Alyre-d'Arlanc,172,200,28
Aldudes,372,400,28
Serres-Sainte-Marie,472,500,28
Lucq-de-Béarn,972,1000,28
Bassillon-Vauzé,72,100,28
Béguios,272,300,28
Urdès,272,300,28
Viellenave-d'Arthez,172,200,28
Moulédous,172,200,28
Lies,72,100,28
Averan,72,100,28
Ricaud,72,100,28
Marquerie,72,100,28
Lubret-Saint-Luc,72,100,28
Puyvalador,72,100,28
Bossendorf,372,400,28
Windstein,172,200,28
Uttenheim,572,600,28
Rott,472,500,28
Albé,472,500,28
Magstatt-le-Haut,272,300,28
Sigolsheim,1172,1200,28
Walbach,872,900,28
Sainte-Consorce,1872,1900,28
Ambérieux,572,600,28
Chaussan,972,1000,28
Chasselay,2672,2700,28
Roche-sur-Linotte-et-Sorans-les-Cordiers,72,100,28
Boursières,72,100,28
Sauvigney-lès-Pesmes,172,200,28
Molay,72,100,28
Ormoiche,72,100,28
Trivy,272,300,28
Juillé,472,500,28
Coulongé,572,600,28
Yvré-le-Pôlin,1872,1900,28
Solesmes,1372,1400,28
Marthod,1372,1400,28
Saint-Pierre-en-Faucigny,5872,5900,28
Le Sappey,372,400,28
Chamonix-Mont-Blanc,8972,9000,28
Mélamare,772,800,28
Saint-Eustache-la-Forêt,1072,1100,28
Avesnes-en-Val,272,300,28
Melleville,272,300,28
Mauny,172,200,28
Mésangueville,172,200,28
Boissise-le-Roi,3572,3600,28
Boissets,272,300,28
Massais,572,600,28
Le Breuil-Bernard,472,500,28
Pougne-Hérisson,372,400,28
Thory,172,200,28
Rouvrel,272,300,28
Foucaucourt-Hors-Nesle,72,100,28
Surcamps,72,100,28
Hardecourt-aux-Bois,72,100,28
Neuville-au-Bois,172,200,28
Frettecuisse,72,100,28
Cordes-Tolosannes,272,300,28
Morton,372,400,28
Chamboret,772,800,28
Aixe-sur-Vienne,5472,5500,28
Gajoubert,172,200,28
Éloyes,3272,3300,28
Begnécourt,172,200,28
Esley,172,200,28
Saint-Stail,72,100,28
Taintrux,1572,1600,28
Provenchères-lès-Darney,172,200,28
Saint-Martin-des-Champs,272,300,28
Sormery,372,400,28
Aigremont,72,100,28
Carisey,372,400,28
Froidefontaine,472,500,28
Torfou,272,300,28
Marly-la-Ville,5472,5500,28
Forciolo,72,100,28
Pianello,72,100,28
Béon,373,400,27
Domsure,473,500,27
Asnières-sur-Saône,73,100,27
Villette-sur-Ain,673,700,27
Leyment,1273,1300,27
Chéry-lès-Pouilly,673,700,27
Bièvres,73,100,27
Flavigny-le-Grand-et-Beaurain,473,500,27
Wassigny,973,1000,27
Bagneux,73,100,27
Nouvion-le-Comte,273,300,27
Housset,173,200,27
Monceau-lès-Leups,473,500,27
Gronard,73,100,27
Ancienville,73,100,27
Merlieux-et-Fouquerolles,273,300,27
Chamblet,1073,1100,27
Ygrande,773,800,27
Mane,1373,1400,27
Sourribes,173,200,27
Coursegoules,473,500,27
Cipières,373,400,27
Le Lac-d'Issarlès,273,300,27
Marquigny,73,100,27
Chesnois-Auboncourt,173,200,27
Maisoncelle-et-Villers,73,100,27
Biermes,273,300,27
Condé-lès-Autry,73,100,27
Chooz,773,800,27
Ségura,173,200,27
Nescus,73,100,27
Sieuras,73,100,27
Saint-Michel,73,100,27
Villery,273,300,27
Polisy,173,200,27
Noës-près-Troyes,3173,3200,27
Pars-lès-Chavanges,73,100,27
Rebourguil,273,300,27
Sauclières,173,200,27
Le Mesnil-sur-Blangy,173,200,27
Deux-Jumeaux,73,100,27
Fumichon,273,300,27
Le Locheur,273,300,27
Collandres,173,200,27
Saint-Vincent-de-Salers,73,100,27
Mouthiers-sur-Boëme,2473,2500,27
Saint-Mary,373,400,27
Ligné,173,200,27
Le Mung,273,300,27
Dolus-d'Oléron,3173,3200,27
Vandré,773,800,27
Saint-Trojan-les-Bains,1473,1500,27
Saint-Germain-des-Bois,573,600,27
Apremont-sur-Allier,73,100,27
Sévry,73,100,27
Favars,973,1000,27
Monceaux-sur-Dordogne,673,700,27
Couffy-sur-Sarsonne,73,100,27
Saint-Priest-de-Gimel,473,500,27
Estivaux,373,400,27
Marcheseuil,173,200,27
Hauteroche,73,100,27
Montigny-Mornay-Villeneuve-sur-Vingeanne,373,400,27
Mauvilly,73,100,27
Loc-Envel,73,100,27
Tonquédec,1073,1100,27
Pont-Melvez,673,700,27
La Cellette,273,300,27
Saint-Avit-le-Pauvre,73,100,27
Bussière-Dunoise,1073,1100,27
Berbiguières,173,200,27
Hautefort,1073,1100,27
Narbief,73,100,27
Recologne,573,600,27
Branne,173,200,27
Villeneuve-d'Amont,273,300,27
Lougres,773,800,27
Bavans,3573,3600,27
Bondeval,473,500,27
Ratières,273,300,27
Acon,473,500,27
Bueil,1473,1500,27
La Goulafrière,173,200,27
Maintenon,4473,4500,27
Ardelu,73,100,27
Trizay-Coutretot-Saint-Serge,473,500,27
La Roque-sur-Cèze,173,200,27
Belberaud,1273,1300,27
Cazaril-Tambourès,73,100,27
Gémil,273,300,27
Poubeau,73,100,27
Mourvilles-Hautes,173,200,27
Maulichères,173,200,27
Cadeillan,73,100,27
Mouchès,73,100,27
Ricourt,73,100,27
Saint-Jean-de-Cornies,673,700,27
Hirel,1373,1400,27
Champeaux,473,500,27
Pommiers,273,300,27
Ferrière-Larçon,273,300,27
Assay,173,200,27
Le Louroux,473,500,27
Cornillon-en-Trièves,173,200,27
Goncelin,2173,2200,27
Tréminis,173,200,27
La Valette,73,100,27
Le Cheylas,2673,2700,27
Montrevel,473,500,27
Saint-Agil,273,300,27
Roches,73,100,27
Droué,1073,1100,27
Palogneux,73,100,27
Saugues,1873,1900,27
Alleyras,173,200,27
Quiers-sur-Bézonde,1173,1200,27
Seichebrières,173,200,27
Breteau,73,100,27
Saint-Maurice-sur-Aveyron,873,900,27
Lavercantière,273,300,27
Montcuq,1273,1300,27
Montcléra,273,300,27
Strenquels,273,300,27
Nicole,273,300,27
Bruch,773,800,27
Saint-Martin-de-Beauville,173,200,27
Julianges,73,100,27
Bouzillé,1473,1500,27
La Bonneville,173,200,27
Fresville,373,400,27
Hémevez,173,200,27
Biéville,173,200,27
Gourbesville,173,200,27
Norrois,173,200,27
Saint-Gilles,273,300,27
Saint-Remy-en-Bouzemont-Saint-Genest-et-Isson,573,600,27
Songy,273,300,27
Grauves,673,700,27
Vraux,473,500,27
Grandes-Loges,273,300,27
Val-des-Marais,573,600,27
Broyes,373,400,27
Dommartin-Dampierre,73,100,27
Bouleuse,173,200,27
Manois,473,500,27
Ambonville,73,100,27
Celles-en-Bassigny,73,100,27
Choilley-Dardenay,173,200,27
Effincourt,73,100,27
Préaux,173,200,27
Bierné,673,700,27
Simplé,373,400,27
Vannes-le-Châtel,573,600,27
Gézoncourt,173,200,27
Vigneulles,273,300,27
Baroches,373,400,27
Doncourt-aux-Templiers,73,100,27
Woël,173,200,27
Lion-devant-Dun,173,200,27
Bannoncourt,173,200,27
Milly-sur-Bradon,173,200,27
Pouilly,673,700,27
Puzieux,173,200,27
Salonnes,173,200,27
Volmerange-lès-Boulay,573,600,27
Chalaux,73,100,27
Lavault-de-Frétoy,73,100,27
Magny-Lormes,73,100,27
Saint-Franchy,73,100,27
Auberchicourt,4573,4600,27
Fressain,873,900,27
Wasnes-au-Bac,573,600,27
Borre,573,600,27
Ribécourt-la-Tour,373,400,27
Ledringhem,673,700,27
Sars-Poteries,1473,1500,27
Sains-Morainvillers,273,300,27
Viefvillers,173,200,27
Le Quesnel-Aubry,173,200,27
Estrées-Saint-Denis,3573,3600,27
Saint-Quentin-de-Blavou,73,100,27
Berd'huis,1073,1100,27
Saint-Germain-d'Aunay,173,200,27
Saint-Cornier-des-Landes,673,700,27
Montsecret,573,600,27
Nœux-lès-Auxi,173,200,27
Cambrin,973,1000,27
Vieil-Hesdin,373,400,27
Bailleulval,273,300,27
Buneville,173,200,27
Journy,273,300,27
Cauchy-à-la-Tour,2973,3000,27
Pernes-lès-Boulogne,473,500,27
Saint-Dier-d'Auvergne,573,600,27
Royat,4473,4500,27
Antoingt,373,400,27
Virlet,273,300,27
Aix-la-Fayette,73,100,27
Sère-en-Lavedan,73,100,27
Ger,173,200,27
Clarac,173,200,27
Tibiran-Jaunac,273,300,27
Avajan,73,100,27
Gouaux,73,100,27
Lézignan,373,400,27
Espira-de-Conflent,173,200,27
Tordères,173,200,27
Rohr,273,300,27
Reinhardsmunster,473,500,27
Ranspach-le-Bas,673,700,27
Oberdorf,573,600,27
Soultzbach-les-Bains,673,700,27
Magstatt-le-Bas,473,500,27
Beblenheim,973,1000,27
Saint-Vincent-de-Reins,673,700,27
Onay,73,100,27
Fondremand,173,200,27
Comberjon,173,200,27
Argillières,73,100,27
Loulans-Verchamp,473,500,27
La Proiselière-et-Langle,173,200,27
Malvillers,73,100,27
Vregille,173,200,27
Saint-Laurent-d'Andenay,1073,1100,27
Chasselas,173,200,27
Saint-Germain-lès-Buxy,273,300,27
Sanvignes-les-Mines,4373,4400,27
La Loyère,473,500,27
Ruillé-sur-Loir,1173,1200,27
Saint-Martin-des-Monts,173,200,27
Fresnay-sur-Sarthe,2173,2200,27
Mézières-sur-Ponthouin,673,700,27
Jupilles,573,600,27
Saint-Georges-de-la-Couée,173,200,27
Avressieux,473,500,27
Menthon-Saint-Bernard,1873,1900,27
Bierville,273,300,27
Bretteville-Saint-Laurent,173,200,27
Hermeville,373,400,27
Gouchaupre,173,200,27
Morienne,173,200,27
Criquebeuf-en-Caux,373,400,27
Beaubec-la-Rosière,473,500,27
Tigeaux,373,400,27
Ormesson,273,300,27
Juziers,3773,3800,27
Limalonges,873,900,27
Coulonges-sur-l'Autize,2373,2400,27
Pamplie,273,300,27
Hallu,173,200,27
Daours,773,800,27
Querrieu,673,700,27
Roisel,1773,1800,27
Noyelles-sur-Mer,773,800,27
Sorel,173,200,27
Ayencourt,173,200,27
Lamaronde,73,100,27
Aubercourt,73,100,27
Hamelet,473,500,27
Dreuil-lès-Amiens,1273,1300,27
Saint-Jean-de-Vals,73,100,27
Mansonville,273,300,27
Sannes,173,200,27
Gençay,1773,1800,27
Tercé,1073,1100,27
Salles-Lavauguyon,173,200,27
Laurière,573,600,27
Dompierre-les-Églises,373,400,27
Gerbamont,373,400,27
Fontenay-sous-Fouronnes,73,100,27
Chassy,473,500,27
Fresnes,73,100,27
Champs-sur-Yonne,1573,1600,27
Lichères-près-Aigremont,173,200,27
Collemiers,573,600,27
Mézilles,573,600,27
Charmoy,1173,1200,27
Varennes-Jarcy,2373,2400,27
Fontenay-le-Vicomte,1273,1300,27
Étiolles,3073,3100,27
Gouzangrez,173,200,27
Le Plessis-Gassot,73,100,27
Sermano,73,100,27
Cressin-Rochefort,374,400,26
Vongnes,74,100,26
Cierges,74,100,26
Macquigny,374,400,26
Autels,74,100,26
Celles-lès-Condé,74,100,26
Montigny-sous-Marle,74,100,26
Vallon-en-Sully,1674,1700,26
Larche,74,100,26
Barrême,474,500,26
Cervières,174,200,26
Champcella,174,200,26
Castellar,974,1000,26
Mauves,1174,1200,26
Tauriers,174,200,26
Dom-le-Mesnil,1074,1100,26
Beffu-et-le-Morthomme,74,100,26
Saint-Lambert-et-Mont-de-Jeux,174,200,26
Taillette,374,400,26
Engomer,274,300,26
Saint-Quirc,374,400,26
Villiers-sous-Praslin,74,100,26
Rumilly-lès-Vaudes,474,500,26
Jaucourt,174,200,26
Le Mériot,574,600,26
Yèvres-le-Petit,74,100,26
Escales,374,400,26
Courtauly,74,100,26
Albas,74,100,26
Salvezines,74,100,26
Creissels,1474,1500,26
Noailhac,174,200,26
Sénergues,474,500,26
Fresney-le-Vieux,274,300,26
Saint-Pierre-du-Mont,74,100,26
Tierceville,174,200,26
Beaumais,174,200,26
Beaulieu,174,200,26
Jaleyrac,374,400,26
Manot,574,600,26
Bunzac,474,500,26
Brizambourg,874,900,26
Drevant,574,600,26
Bellechassagne,74,100,26
Bellefond,774,800,26
Volnay,274,300,26
Thoires,74,100,26
Ampilly-les-Bordes,74,100,26
Fresnes,174,200,26
Obtrée,74,100,26
Saint-Michel-en-Grève,474,500,26
Plounévez-Quintin,1074,1100,26
Masbaraud-Mérignat,374,400,26
Gioux,174,200,26
Peyrat-la-Nonière,474,500,26
Saint-Loup,174,200,26
Basville,174,200,26
Calès,374,400,26
Saint-Méard-de-Drône,474,500,26
Monmadalès,74,100,26
La Chapelle-Montmoreau,74,100,26
Saint-Maime-de-Péreyrol,274,300,26
Villetoureix,874,900,26
Vergt,1674,1700,26
Thénac,374,400,26
Goux-lès-Dambelin,274,300,26
Raynans,274,300,26
Fessevillers,174,200,26
Hyèvre-Magny,74,100,26
Gondenans-les-Moulins,74,100,26
Montaulieu,74,100,26
Cornillon-sur-l'Oule,74,100,26
Bouchevilliers,74,100,26
Cormeilles,1174,1200,26
Acquigny,1574,1600,26
Notre-Dame-d'Épine,74,100,26
Mesnil-Verclives,274,300,26
Bernienville,274,300,26
Fessanvilliers-Mattanvilliers,174,200,26
Santeuil,274,300,26
Ouerre,674,700,26
Plovan,674,700,26
Montagnac,174,200,26
Mars,174,200,26
Saint-Plancard,374,400,26
Saint-Mamet,574,600,26
Lespugue,74,100,26
Boutx,274,300,26
Saint-Clar-de-Rivière,1174,1200,26
Saint-Georges,174,200,26
Magnas,74,100,26
Sémézies-Cachan,74,100,26
Roquefort,274,300,26
Vieussan,274,300,26
Hérépian,1474,1500,26
Sète,42774,42800,26
Villard-Saint-Christophe,374,400,26
Saint-Gervais,574,600,26
Chichilianne,274,300,26
Beauvoir-en-Royans,74,100,26
Froideville,74,100,26
Onglières,74,100,26
Dessia,74,100,26
Coyron,74,100,26
Salans,574,600,26
Neuvilley,74,100,26
La Latette,74,100,26
Songeson,74,100,26
Montsoué,574,600,26
Labrit,874,900,26
Le Plessis-l'Échelle,74,100,26
Theillay,1274,1300,26
Saint-Martin-la-Sauveté,974,1000,26
Saint-Régis-du-Coin,374,400,26
Pommiers,374,400,26
Échilleuses,374,400,26
Sougy,874,900,26
Saignes,74,100,26
Nadillac,74,100,26
Saint-Quentin-du-Dropt,174,200,26
Estables,174,200,26
Saint-Sigismond,374,400,26
Saint-Mathurin-sur-Loire,2374,2400,26
Hiesville,74,100,26
Gonneville,874,900,26
Saint-Gibrien,474,500,26
Saint-Martin-l'Heureux,74,100,26
Pierry,1174,1200,26
Bignicourt-sur-Marne,374,400,26
Chaltrait,74,100,26
Cauroy-lès-Hermonville,474,500,26
Longchamp,74,100,26
Bourdons-sur-Rognon,274,300,26
Le Val-d'Esnoms,374,400,26
Saint-Christophe-du-Luat,774,800,26
Blénod-lès-Pont-à-Mousson,4374,4400,26
Baslieux,574,600,26
Saint-Martin,74,100,26
Réclonville,74,100,26
Charey,74,100,26
Prény,374,400,26
Belleville,1474,1500,26
Fey-en-Haye,74,100,26
Mairy-Mainville,574,600,26
Autrey,174,200,26
Latour-en-Woëvre,74,100,26
Méligny-le-Petit,74,100,26
Neuville-en-Verdunois,74,100,26
Mogeville,74,100,26
Moulins-Saint-Hubert,174,200,26
Beux,274,300,26
Ranguevaux,774,800,26
Budling,174,200,26
Pontpierre,774,800,26
Laneuveville-en-Saulnois,274,300,26
Lemoncourt,74,100,26
Vaudreching,574,600,26
Frasnay-Reugny,74,100,26
Neuville-lès-Decize,274,300,26
Gâcogne,274,300,26
Saint-Jean-aux-Amognes,474,500,26
Mairieux,774,800,26
Saint-Aubin,374,400,26
Merckeghem,574,600,26
La Houssoye,574,600,26
Thury-en-Valois,474,500,26
Froissy,874,900,26
Tourly,174,200,26
Le Hamel,174,200,26
Saint-Thibault,274,300,26
Vendeuil-Caply,474,500,26
Le Ménil-Broût,174,200,26
Saint-Nicolas-de-Sommaire,274,300,26
Dancé,374,400,26
Bures,174,200,26
Comblot,74,100,26
Lières,374,400,26
Aix-en-Issart,274,300,26
Mencas,74,100,26
Sanghen,274,300,26
Fresnoy,74,100,26
Wardrecques,1174,1200,26
Ourton,774,800,26
Neufchâtel-Hardelot,3774,3800,26
Dennebrœucq,374,400,26
Saint-Diéry,374,400,26
Laqueuille,374,400,26
Pulvérières,374,400,26
Celles-sur-Durolle,1774,1800,26
Verrières,74,100,26
Séméacq-Blachon,174,200,26
Viven,174,200,26
Gère-Bélesten,174,200,26
Arhansus,74,100,26
Laguinge-Restoue,174,200,26
Sarpourenx,274,300,26
Hosta,74,100,26
Espelette,1974,2000,26
Bonnut,674,700,26
Ramous,474,500,26
Esbareich,74,100,26
Geu,174,200,26
Prats-de-Sournia,74,100,26
Geispolsheim,7074,7100,26
Rosenwiller,674,700,26
Bourgheim,574,600,26
Wolxheim,874,900,26
Rouffach,4574,4600,26
Wolfersdorf,374,400,26
Bisel,574,600,26
Bischwihr,974,1000,26
Saint-Bonnet-des-Bruyères,374,400,26
La Creuse,74,100,26
Grammont,74,100,26
Genevreuille,174,200,26
Saint-Racho,174,200,26
Savigny-sur-Grosne,174,200,26
Gourdon,874,900,26
Serley,574,600,26
Saint-Eugène,174,200,26
Saint-Léger-sous-Beuvray,474,500,26
Bellevesvre,274,300,26
Massilly,374,400,26
La Chapelle-du-Mont-de-France,174,200,26
Montcoy,274,300,26
Mervans,1374,1400,26
Chassé,174,200,26
Saint-Pierre-de-Belleville,174,200,26
Saint-Offenge-Dessus,274,300,26
Aiton,1774,1800,26
La Clusaz,1874,1900,26
Giez,574,600,26
Sallenôves,574,600,26
Rosay,274,300,26
Bois-Héroult,174,200,26
Hodeng-Hodenger,274,300,26
Amillis,774,800,26
Trocy-en-Multien,274,300,26
Nanteuil-sur-Marne,474,500,26
Flexanville,574,600,26
Autouillet,474,500,26
Andrésy,12174,12200,26
Crespières,1574,1600,26
Mesnuls,874,900,26
Saint-Forget,474,500,26
Montalembert,274,300,26
Airvault,3074,3100,26
Reffannes,374,400,26
Pouffonds,374,400,26
Bacouel-sur-Selle,474,500,26
Roiglise,174,200,26
Camps-en-Amiénois,174,200,26
Morcourt,274,300,26
Albert,9774,9800,26
Saint-Amancet,174,200,26
Lasgraisses,374,400,26
Puycelsi,474,500,26
Blaye-les-Mines,3074,3100,26
Pont-de-Larn,2874,2900,26
Bernac,174,200,26
Maurens-Scopont,174,200,26
Varen,674,700,26
Puget,674,700,26
Saint-Florent-des-Bois,2574,2600,26
Ingrandes,1774,1800,26
Bujaleuf,874,900,26
Saint-Genest-sur-Roselle,474,500,26
Châtenois,1774,1800,26
La Neuveville-sous-Châtenois,374,400,26
Aingeville,74,100,26
Vézinnes,174,200,26
Banvillars,274,300,26
Boissy-l'Aillerie,1774,1800,26
Écouen,7374,7400,26
Sant'Andréa-d'Orcino,74,100,26
San-Gavino-di-Fiumorbo,174,200,26
Vignale,174,200,26
Saint-Bernard,1375,1400,25
Bénonces,275,300,25
Droizy,75,100,25
Marchais-en-Brie,275,300,25
Pithon,75,100,25
Neuilly-Saint-Front,2175,2200,25
Laniscourt,175,200,25
Assis-sur-Serre,275,300,25
Résigny,175,200,25
Lucy-le-Bocage,175,200,25
Servilly,275,300,25
Valignat,75,100,25
Château-sur-Allier,175,200,25
Marcenat,375,400,25
Redortiers,75,100,25
Lurs,375,400,25
Espinasses,675,700,25
Arvieux,375,400,25
Cros-de-Géorand,175,200,25
Gluiras,375,400,25
Touligny,75,100,25
Corny-Machéroménil,175,200,25
La Sabotterie,75,100,25
Buzancy,375,400,25
Barby,375,400,25
Estrebay,75,100,25
Tailly,175,200,25
Arrout,75,100,25
Ludiès,75,100,25
Cos,375,400,25
Bagneux-la-Fosse,175,200,25
Racines,175,200,25
Amance,275,300,25
Thors,75,100,25
Torvilliers,875,900,25
Rigny-le-Ferron,375,400,25
Talairan,375,400,25
Mayreville,75,100,25
Rouffiac-des-Corbières,75,100,25
Mazerolles-du-Razès,175,200,25
Arques,275,300,25
Peyrefitte-sur-l'Hers,75,100,25
Le Clapier,75,100,25
Viviez,1375,1400,25
La Couvertoirade,175,200,25
Conques,275,300,25
Le Cayrol,275,300,25
Tauriac-de-Naucelle,375,400,25
Pierrefiche,275,300,25
Eygalières,1775,1800,25
Fourneaux-le-Val,175,200,25
Quetteville,375,400,25
Parfouru-sur-Odon,175,200,25
Bonnemaison,375,400,25
Saint-Léger-Dubosq,175,200,25
Narnhac,75,100,25
Laroquevieille,375,400,25
Montsalvy,875,900,25
Yolet,575,600,25
Sireuil,1175,1200,25
Étagnac,975,1000,25
Saint-Pierre-de-l'Isle,275,300,25
Gron,475,500,25
Marseilles-lès-Aubigny,675,700,25
Lascaux,175,200,25
Sainte-Fortunade,1775,1800,25
Laroche-près-Feyt,75,100,25
Pierrefitte,75,100,25
Avosnes,75,100,25
Braux,175,200,25
Grosbois-lès-Tichey,75,100,25
Turcey,175,200,25
Perret,175,200,25
Le Cambout,475,500,25
Uzel,1075,1100,25
Plumieux,1075,1100,25
Pierrefitte,75,100,25
Saint-Nexans,875,900,25
Saint-Georges-de-Montclard,275,300,25
Meyrals,575,600,25
Castelnaud-la-Chapelle,475,500,25
Saint-Sauveur,775,800,25
Sainte-Eulalie-d'Eymet,75,100,25
Teyjat,275,300,25
Parcoul,375,400,25
Fourbanne,175,200,25
Ouvans,75,100,25
Flagey-Rigney,75,100,25
Beutal,275,300,25
Onans,375,400,25
Courcelles,75,100,25
Barret-de-Lioure,75,100,25
Bellegarde-en-Diois,75,100,25
Marignac-en-Diois,175,200,25
Plaisians,175,200,25
La Chapelle-en-Vercors,675,700,25
Nassandres,1375,1400,25
Chaignes,275,300,25
Chamblac,375,400,25
Beauficel-en-Lyons,175,200,25
Pinterville,775,800,25
Moisville,175,200,25
Piencourt,175,200,25
Fontaine-sous-Jouy,775,800,25
Huest,675,700,25
Le Plessis-Sainte-Opportune,275,300,25
Places,75,100,25
Moléans,475,500,25
Rouvres,875,900,25
Saint-Luperce,875,900,25
Crucey-Villages,475,500,25
La Chapelle-Forainvilliers,175,200,25
Francarville,175,200,25
Montclar-de-Comminges,75,100,25
Beaupuy,1275,1300,25
Lespiteau,75,100,25
Milhas,175,200,25
Avezan,75,100,25
Aignan,775,800,25
Saint-Christaud,75,100,25
Saint-Léonard,175,200,25
Sarcos,75,100,25
Générac,575,600,25
Saint-Avit-de-Soulège,75,100,25
Saillans,375,400,25
Mourèze,175,200,25
Mireval,3275,3300,25
Princé,375,400,25
Le Tranger,175,200,25
Malicornay,175,200,25
Notre-Dame-de-Commiers,475,500,25
Montcarra,475,500,25
Miribel-Lanchâtre,375,400,25
Saint-Hymetière,75,100,25
Desnes,475,500,25
Le Latet,75,100,25
Bornay,175,200,25
Bief-des-Maisons,75,100,25
Nantey,75,100,25
Uchacq-et-Parentis,575,600,25
Eyres-Moncube,375,400,25
Canenx-et-Réaut,175,200,25
Lesgor,375,400,25
Séris,375,400,25
Valaire,75,100,25
Thélis-la-Combe,175,200,25
Villers,575,600,25
Saint-Julien-des-Chazes,75,100,25
Le Mas-de-Tence,175,200,25
Villamblain,275,300,25
Combleux,475,500,25
Chailly-en-Gâtinais,675,700,25
Messas,875,900,25
Fontanes-du-Causse,75,100,25
Caillac,575,600,25
Floirac,275,300,25
Rocamadour,675,700,25
Sérignac-Péboudou,175,200,25
Labretonie,175,200,25
Saint-Maurice-de-Ventalon,75,100,25
Cubières,175,200,25
Savennières,1375,1400,25
Ver,375,400,25
Saint-Loup,75,100,25
Orbais-l'Abbaye,575,600,25
Ville-en-Selve,275,300,25
Vernancourt,75,100,25
Vadenay,275,300,25
Oger,575,600,25
Nogent-l'Abbesse,575,600,25
Hautvillers,775,800,25
Villars-en-Azois,75,100,25
Nijon,75,100,25
Poiseul,75,100,25
Leuchey,75,100,25
Sainte-Suzanne,975,1000,25
Bais,1275,1300,25
Giriviller,75,100,25
Ochey,475,500,25
Tucquegnieux,2575,2600,25
Amel-sur-l'Étang,175,200,25
Tilly-sur-Meuse,275,300,25
Génicourt-sur-Meuse,275,300,25
Girauvoisin,75,100,25
Erneville-aux-Bois,175,200,25
Lavincourt,75,100,25
Éparges,75,100,25
Récourt-le-Creux,75,100,25
Veckersviller,275,300,25
Plesnois,775,800,25
Vionville,175,200,25
Diffembach-lès-Hellimer,375,400,25
Mondorff,575,600,25
Bionville-sur-Nied,375,400,25
Puttigny,75,100,25
Bickenholtz,75,100,25
Oulon,75,100,25
Chaumot,175,200,25
Monchecourt,2575,2600,25
Limont-Fontaine,575,600,25
Lihus,375,400,25
Abbécourt,775,800,25
Pierrefitte-en-Beauvaisis,375,400,25
Valescourt,275,300,25
Mondescourt,275,300,25
Fontaine-Chaalis,375,400,25
Orgères,175,200,25
Aunay-les-Bois,175,200,25
Saint-Siméon,275,300,25
Montgaroult,375,400,25
Moulins-la-Marche,775,800,25
Agnez-lès-Duisans,675,700,25
Tatinghem,1775,1800,25
Condette,2575,2600,25
Nielles-lès-Bléquin,875,900,25
Tincques,875,900,25
Sains-lès-Fressin,175,200,25
Mareugheol,175,200,25
Murat-le-Quaire,475,500,25
La Chapelle-Marcousse,75,100,25
Villosanges,375,400,25
Navarrenx,1075,1100,25
Irissarry,875,900,25
Gerde,1175,1200,25
Ugnouas,75,100,25
Lanne,575,600,25
Boulin,275,300,25
Castelnau-Rivière-Basse,675,700,25
Saint-Laurent-de-Cerdans,1275,1300,25
Wingersheim,1175,1200,25
Dehlingen,375,400,25
Uttenhoffen,175,200,25
Buhl,3275,3300,25
Werentzhouse,575,600,25
Ancier,475,500,25
Vy-le-Ferroux,175,200,25
Bresilley,175,200,25
Chagey,675,700,25
Brussey,275,300,25
Amont-et-Effreney,175,200,25
Amanzé,175,200,25
La Chapelle-Saint-Sauveur,675,700,25
Varenne-Saint-Germain,675,700,25
Yvré-l'Évêque,4375,4400,25
Arthezé,375,400,25
Marolles-lès-Saint-Calais,275,300,25
Saint-Pierre-du-Lorouër,375,400,25
Aillon-le-Vieux,175,200,25
Arith,375,400,25
Chapeiry,775,800,25
Vacheresse,775,800,25
Lully,675,700,25
Marcellaz,775,800,25
Rouville,575,600,25
Roumare,1375,1400,25
Yébleron,1375,1400,25
Millebosc,275,300,25
Montmain,1375,1400,25
Limoges-Fourches,475,500,25
Melz-sur-Seine,375,400,25
Montigny-Lencoup,1275,1300,25
Épannes,775,800,25
Pers,75,100,25
Millencourt-en-Ponthieu,375,400,25
Hervilly,175,200,25
Vauvillers,275,300,25
Tœufles,275,300,25
Beaucourt-en-Santerre,175,200,25
Citerne,275,300,25
Moulayrès,175,200,25
Lasfaillades,75,100,25
Durfort,275,300,25
Vieux,175,200,25
Montpinier,175,200,25
Labastide-Dénat,375,400,25
Montastruc,275,300,25
Auribeau,75,100,25
Mirebeau,2175,2200,25
Roussac,475,500,25
Jeuxey,675,700,25
Oncourt,175,200,25
La Neuveville-sous-Montfort,175,200,25
Saint-Prancher,75,100,25
Remicourt,75,100,25
Béru,75,100,25
Chemilly-sur-Serein,175,200,25
Lainsecq,375,400,25
Recouvrance,75,100,25
Bois-Herpin,75,100,25
La Norville,4075,4100,25
Arcueil,19775,19800,25
Pietraserena,75,100,25
Occhiatana,175,200,25
Corbonod,1176,1200,24
Le Plessier-Huleu,76,100,24
Craonne,76,100,24
Cugny,576,600,24
Noyant-et-Aconin,476,500,24
Any-Martin-Rieux,476,500,24
Bruyères-et-Montbérault,1576,1600,24
Coucy-le-Château-Auffrique,1076,1100,24
Coucy-lès-Eppes,576,600,24
Pierremande,276,300,24
Villebret,1276,1300,24
Buxières-les-Mines,1076,1100,24
Lalizolle,376,400,24
Mars,276,300,24
Ville-sur-Retourne,76,100,24
Ham-les-Moines,376,400,24
Chagny,176,200,24
Rubigny,76,100,24
Bourguignons,276,300,24
Fralignes,76,100,24
Ailleville,276,300,24
Saint-Germain,2276,2300,24
Argens-Minervois,376,400,24
Marquein,76,100,24
La Serpent,76,100,24
Saint-Gaudéric,76,100,24
La Capelle-Balaguier,276,300,24
Rodelle,976,1000,24
Camarès,976,1000,24
Costes-Gozon,176,200,24
Saint-Pierre-Azif,176,200,24
Grainville-Langannerie,676,700,24
Tournebu,376,400,24
Glanville,176,200,24
Éterville,1376,1400,24
Saint-Cernin,1076,1100,24
Saint-Laurent-de-Cognac,876,900,24
Saint-Eutrope,176,200,24
Aigre,1076,1100,24
Ronsenac,576,600,24
Beaulieu-sur-Sonnette,276,300,24
Ciré-d'Aunis,1176,1200,24
Pérignac,976,1000,24
Prignac,276,300,24
Lury-sur-Arnon,676,700,24
Vereaux,176,200,24
Cornusse,276,300,24
Saint-Pardoux-l'Ortigier,476,500,24
Saint-Hilaire-Luc,76,100,24
Le Pescher,276,300,24
Treignac,1376,1400,24
Villedieu,76,100,24
Prâlon,76,100,24
Mussy-la-Fosse,76,100,24
Savilly,76,100,24
Saint-Apollinaire,6276,6300,24
Bissey-la-Pierre,76,100,24
Champ-d'Oiseau,76,100,24
Saint-Lormel,876,900,24
Canihuel,376,400,24
Hillion,4076,4100,24
Le Donzeil,176,200,24
Soulaures,76,100,24
Salagnac,876,900,24
Trémolat,576,600,24
Monplaisant,276,300,24
Plaimbois-Vennes,76,100,24
Saint-Julien-lès-Montbéliard,176,200,24
Colombier-Fontaine,1376,1400,24
Saint-Point-Lac,276,300,24
Trévillers,476,500,24
Santoche,76,100,24
Silley-Bléfond,76,100,24
Blussangeaux,76,100,24
Poyols,76,100,24
Barville,76,100,24
Mesnil-sur-l'Estrée,976,1000,24
Fleury-sur-Andelle,1876,1900,24
Boncourt,276,300,24
Saint-Maur-sur-le-Loir,376,400,24
Lasalle,1076,1100,24
L'Estréchure,176,200,24
Castagnède,176,200,24
Figarol,276,300,24
Saint-Martory,876,900,24
Tourreilles,376,400,24
Vallesvilles,376,400,24
Fustignac,76,100,24
Panassac,276,300,24
Puységur,76,100,24
Peyrecave,76,100,24
Origne,176,200,24
Bommes,476,500,24
Pessac-sur-Dordogne,476,500,24
Listrac-de-Durèze,176,200,24
Salasc,276,300,24
Saint-Nazaire-de-Pézan,576,600,24
La Noë-Blanche,976,1000,24
Médréac,1876,1900,24
Romazy,276,300,24
Brives,276,300,24
Mézières-en-Brenne,1076,1100,24
Saint-Paterne-Racan,1676,1700,24
Saint-Germain-sur-Vienne,376,400,24
Hurtières,176,200,24
Prunières,376,400,24
Saint-Pierre-de-Chérennes,476,500,24
Chantelouve,76,100,24
Biefmorin,76,100,24
Montcusel,176,200,24
Pratz,576,600,24
Fay-en-Montagne,76,100,24
Bostens,176,200,24
La Chapelle-Enchérie,176,200,24
Villerbon,776,800,24
Renay,176,200,24
Le Temple,176,200,24
La Côte-en-Couzan,76,100,24
Chenereilles,476,500,24
Saint-Julien-la-Vêtre,376,400,24
Chirassimont,376,400,24
Noailly,776,800,24
Saint-Ilpize,176,200,24
Le Landreau,2876,2900,24
Ouzouer-sur-Trézée,1276,1300,24
Girolles,676,700,24
Beaumat,76,100,24
Frontenac,76,100,24
Ussel,76,100,24
Saint-Hilaire,76,100,24
Anglars,176,200,24
Ruffiac,176,200,24
Allons,176,200,24
Saint-Salvy,176,200,24
Le Pont-de-Montvert,276,300,24
Saint-Sauveur-de-Peyre,276,300,24
Saint-Philbert-en-Mauges,376,400,24
Saint-Rémy-la-Varenne,976,1000,24
Carnet,476,500,24
Lieusaint,376,400,24
Reffuveille,476,500,24
Sourdeval-les-Bois,176,200,24
Blainville-sur-Mer,1576,1600,24
Le Mesnil-au-Val,676,700,24
Bignicourt-sur-Saulx,176,200,24
Humbauville,76,100,24
Allemant,176,200,24
Bouchy-Saint-Genest,176,200,24
Belval-sous-Châtillon,176,200,24
Saint-Chéron,76,100,24
Jâlons,576,600,24
Anthenay,76,100,24
Rivières-Henruel,176,200,24
Donjeux,376,400,24
Lachapelle-en-Blaisy,76,100,24
Blaisy,76,100,24
Soyers,76,100,24
Saint-Pierre-sur-Orthe,476,500,24
Allain,476,500,24
Batilly,1276,1300,24
Marbache,1776,1800,24
Mignéville,176,200,24
Buxières-sous-les-Côtes,276,300,24
Samogneux,76,100,24
Montigny-lès-Vaucouleurs,76,100,24
Nettancourt,276,300,24
Sivry-sur-Meuse,376,400,24
Bono,2176,2200,24
Saint-Martin-sur-Oust,1276,1300,24
Guinzeling,76,100,24
Château-Bréhain,76,100,24
Schorbach,576,600,24
Ciez,376,400,24
La Collancelle,176,200,24
Thianges,176,200,24
Alligny-Cosne,876,900,24
Arzembouy,76,100,24
Sichamps,176,200,24
Vignol,76,100,24
Fresnes-sur-Escaut,7676,7700,24
Bry,376,400,24
Flesquières,276,300,24
Sailly-lez-Lannoy,1776,1800,24
Raucourt-au-Bois,176,200,24
Cattenières,676,700,24
Avesnes-sur-Helpe,4976,5000,24
Bailleval,1476,1500,24
Lachapelle-Saint-Pierre,876,900,24
Bouvresse,176,200,24
Pervenchères,376,400,24
Berjou,476,500,24
Genettes,176,200,24
Wail,276,300,24
Beaumerie-Saint-Martin,376,400,24
Herlin-le-Sec,176,200,24
Bécourt,276,300,24
Berles-Monchel,476,500,24
Valhuon,576,600,24
Montcavrel,376,400,24
Echinghen,376,400,24
La Madelaine-sous-Montreuil,176,200,24
Liencourt,276,300,24
Aix-en-Ergny,176,200,24
Sarton,176,200,24
Ménétrol,1576,1600,24
Olliergues,776,800,24
Parentignat,476,500,24
Saint-Gladie-Arrive-Munein,176,200,24
Samsons-Lion,76,100,24
Portet,176,200,24
Osmets,76,100,24
Saint-Martin,376,400,24
Guchen,376,400,24
Betpouy,76,100,24
Bolquère,776,800,24
Saint-Nabor,476,500,24
Duttlenheim,2876,2900,24
Eschau,4776,4800,24
Thal-Drulingen,176,200,24
Thannenkirch,476,500,24
Lautenbach,1576,1600,24
Wolschwiller,476,500,24
Oberhergheim,1176,1200,24
Fessenheim,2276,2300,24
Charnay,1076,1100,24
Chamelet,676,700,24
Noidans-lès-Vesoul,2076,2100,24
Vaux-le-Moncelot,76,100,24
La Neuvelle-lès-Scey,176,200,24
Dambenoît-lès-Colombe,276,300,24
Miellin,76,100,24
Curtil-sous-Buffières,76,100,24
Sailly,76,100,24
Chevagny-sur-Guye,76,100,24
Savianges,76,100,24
Livet-en-Saosnois,76,100,24
Courgenard,476,500,24
La Chapelle-aux-Choux,276,300,24
Aubigné-Racan,2076,2100,24
Avessé,376,400,24
Frontenex,1676,1700,24
Montvalezan,676,700,24
Saint-Michel-de-Maurienne,2776,2800,24
Aviernoz,776,800,24
Demi-Quartier,976,1000,24
Sainte-Croix-sur-Buchy,676,700,24
Criquiers,676,700,24
Beaurepaire,476,500,24
Autigny,276,300,24
Molagnies,176,200,24
Sainte-Marie-des-Champs,1476,1500,24
Saint-Wandrille-Rançon,1176,1200,24
Ardouval,176,200,24
Dhuisy,276,300,24
Voinsles,576,600,24
Villemer,676,700,24
Jutigny,576,600,24
Béhoust,476,500,24
La Hauteville,176,200,24
Thénezay,1476,1500,24
Paizay-le-Tort,476,500,24
Bazentin,76,100,24
Laucourt,176,200,24
Éterpigny,176,200,24
Senarpont,676,700,24
Aussac,276,300,24
Espinas,176,200,24
Châteauvieux,76,100,24
Saint-Malô-du-Bois,1476,1500,24
Voulême,376,400,24
Darnac,376,400,24
Thiéfosse,576,600,24
Noyers,676,700,24
Bessy-sur-Cure,176,200,24
Chailley,576,600,24
Charny,1676,1700,24
Mercy,76,100,24
Précy-sur-Vrin,476,500,24
Chamvres,676,700,24
Champmotteux,376,400,24
Buno-Bonnevaux,476,500,24
Villiers-le-Sec,176,200,24
Arro,76,100,24
Saint-Trivier-sur-Moignans,1877,1900,23
Saint-Martin-du-Frêne,1077,1100,23
Mionnay,2077,2100,23
Champfromier,677,700,23
Pizay,777,800,23
Logny-lès-Aubenton,77,100,23
Villers-le-Sec,277,300,23
Berrieux,177,200,23
Sainte-Geneviève,77,100,23
Coingt,77,100,23
Plomion,477,500,23
Fossoy,577,600,23
Essigny-le-Petit,377,400,23
Dallon,377,400,23
Œuilly,277,300,23
Andelaroche,277,300,23
Bayet,677,700,23
Saligny-sur-Roudon,777,800,23
Arfeuilles,677,700,23
Chavroches,277,300,23
Ébreuil,1277,1300,23
Rocles,377,400,23
Tortezais,177,200,23
Montfort,377,400,23
Châteauneuf-Miravail,77,100,23
Saint-Firmin,477,500,23
Séranon,477,500,23
Lalevade-d'Ardèche,1177,1200,23
Champlin,77,100,23
Leffincourt,177,200,23
Tourteron,177,200,23
Brécy-Brières,77,100,23
Élan,77,100,23
Sachy,177,200,23
Boutancourt,277,300,23
Argein,177,200,23
Herbisse,177,200,23
Poligny,77,100,23
Saint-Nicolas-la-Chapelle,77,100,23
Balignicourt,77,100,23
Longpré-le-Sec,77,100,23
Épothémont,177,200,23
Marcilly-le-Hayer,677,700,23
Grandes-Chapelles,377,400,23
Saint-Paulet,177,200,23
Tourouzelle,477,500,23
Montauriol,77,100,23
Roubia,477,500,23
Roquefeuil,277,300,23
Marseillette,677,700,23
Cazalrenoux,77,100,23
Alpuech,77,100,23
Agen-d'Aveyron,1077,1100,23
Saint-Igest,177,200,23
Saint-Pierre-Canivet,377,400,23
Colleville-sur-Mer,177,200,23
Montviette,177,200,23
Cheylade,277,300,23
Girgols,77,100,23
Sauvagnac,77,100,23
Suaux,377,400,23
Lésignac-Durand,177,200,23
Chabanais,1877,1900,23
Vasselay,1177,1200,23
Marigny-le-Cahouët,277,300,23
Millery,377,400,23
Benoisey,77,100,23
Prusly-sur-Ource,177,200,23
Villebichot,377,400,23
Laignes,777,800,23
Dampierre-en-Montagne,77,100,23
Kerien,277,300,23
Eyzerac,577,600,23
Sarrazac,377,400,23
Nabirat,377,400,23
Thenon,1277,1300,23
Eyvirat,277,300,23
Eygurande-et-Gardedeuil,377,400,23
Montferrand-du-Périgord,177,200,23
La Prétière,177,200,23
By,77,100,23
La Bosse,77,100,23
Franey,277,300,23
Pont-les-Moulins,177,200,23
Sainte-Jalle,277,300,23
Réauville,377,400,23
Amécourt,177,200,23
Boisemont,777,800,23
Villez-sur-le-Neubourg,277,300,23
Notre-Dame-de-l'Isle,677,700,23
Villettes,177,200,23
Trancrainville,177,200,23
Francourville,777,800,23
La Gaudaine,177,200,23
Trézilidé,277,300,23
Génolhac,877,900,23
Balesta,177,200,23
Saint-Jean-Lherm,377,400,23
Bazus,577,600,23
Mongausy,77,100,23
Saint-Hilaire-de-la-Noaille,377,400,23
Saint-Pierre-de-Mons,1077,1100,23
Chamadelle,677,700,23
Latresne,3277,3300,23
Le Châtellier,377,400,23
Trimer,177,200,23
Bazouges-la-Pérouse,1877,1900,23
Breteil,3377,3400,23
Saint-Benoît-des-Ondes,1077,1100,23
Le Tiercent,177,200,23
Saint-Civran,177,200,23
Mosnay,477,500,23
Saint-Aoustrille,177,200,23
Migné,277,300,23
Nohant-Vic,477,500,23
Saint-Nicolas-de-Bourgueil,1177,1200,23
Tournon-Saint-Pierre,477,500,23
Saint-Patrice,677,700,23
Saint-Aupre,1077,1100,23
Le Touvet,2977,3000,23
Thervay,377,400,23
Cressia,277,300,23
Bois-d'Amont,1677,1700,23
Rans,477,500,23
Champagnole,8077,8100,23
Montgaillard,577,600,23
Pujo-le-Plan,577,600,23
Savigny-sur-Braye,2177,2200,23
La Selle-sur-le-Bied,977,1000,23
Châtillon-le-Roi,277,300,23
Audeville,177,200,23
Montastruc,277,300,23
Bourgougnague,277,300,23
Lasserre,77,100,23
Trémons,377,400,23
Monteton,277,300,23
Saint-Laurent-de-Muret,177,200,23
Marchastel,77,100,23
Saint-Pierre-des-Tripiers,77,100,23
Lachamp,177,200,23
La Panouse,77,100,23
Saint-Florent-le-Vieil,2677,2700,23
Breil,277,300,23
Azeville,77,100,23
La Croix-Avranchin,477,500,23
Tirepied,777,800,23
Saint-Jean-du-Corail-des-Bois,77,100,23
Brécey,2177,2200,23
Chasseguey,77,100,23
Torigni-sur-Vire,2377,2400,23
Montigny-sur-Vesle,477,500,23
Rieux,177,200,23
Saint-Germain-la-Ville,577,600,23
Euvy,77,100,23
Aujeurres,77,100,23
Nully,177,200,23
Bologne,1877,1900,23
Osne-le-Val,277,300,23
Heuilley-Cotton,277,300,23
Saint-Pierre-des-Landes,977,1000,23
Ville-au-Val,177,200,23
Saint-Boingt,77,100,23
Villey-Saint-Étienne,1077,1100,23
Bertrichamps,1077,1100,23
Anoux,277,300,23
Montigny-sur-Chiers,477,500,23
Baudignécourt,77,100,23
Villers-lès-Mangiennes,77,100,23
Épinonville,77,100,23
Nubécourt,277,300,23
Étel,2077,2100,23
Dolving,377,400,23
Haspelschiedt,277,300,23
Dompierre-sur-Héry,77,100,23
Decize,5777,5800,23
Landas,2377,2400,23
Wallers,5577,5600,23
Vieux-Mesnil,577,600,23
Noirémont,177,200,23
La Neuville-Vault,177,200,23
Larbroye,477,500,23
Tessé-Froulay,377,400,23
Duisans,1177,1200,23
Witternesse,577,600,23
Ligny-Thilloy,577,600,23
Brunembert,377,400,23
Morchies,177,200,23
Dohem,777,800,23
Frencq,777,800,23
Willeman,177,200,23
Habarcq,677,700,23
Saint-Germain-près-Herment,77,100,23
Moriat,377,400,23
Vergheas,77,100,23
Escou,377,400,23
Béhorléguy,77,100,23
Arcizac-ez-Angles,277,300,23
Bartrès,477,500,23
Sentous,77,100,23
Benque,77,100,23
Stattmatten,677,700,23
Zœbersdorf,177,200,23
Hoffen,1177,1200,23
Petersbach,677,700,23
Salmbach,577,600,23
Bosselshausen,177,200,23
Willgottheim,1077,1100,23
Belmont,177,200,23
Lautenbachzell,977,1000,23
Rosières-sur-Mance,77,100,23
Couthenans,777,800,23
Montigny-lès-Cherlieu,177,200,23
Thieffrans,177,200,23
Aillevillers-et-Lyaumont,1677,1700,23
Gray-la-Ville,977,1000,23
Mélisey,1677,1700,23
Mont-lès-Seurre,177,200,23
Charnay-lès-Chalon,177,200,23
Chiddes,77,100,23
Saint-Bérain-sur-Dheune,577,600,23
Saint-Denis-de-Vaux,277,300,23
Roussillon-en-Morvan,277,300,23
Parcé-sur-Sarthe,2077,2100,23
Sainte-Jamme-sur-Sarthe,2077,2100,23
René,377,400,23
Reyvroz,477,500,23
Hautot-sur-Mer,1977,2000,23
Thiouville,277,300,23
Pissy-Pôville,1277,1300,23
Maniquerville,477,500,23
Triquerville,377,400,23
Émanville,577,600,23
Paroy,177,200,23
Mortery,177,200,23
Thénisy,277,300,23
Sonchamp,1577,1600,23
Taizé,777,800,23
La Bataille,77,100,23
Saint-Romans-des-Champs,177,200,23
Épagne-Épagnette,577,600,23
Longuevillette,77,100,23
Vaux-Marquenneville,77,100,23
Mont-Roc,177,200,23
Carbes,177,200,23
Bournazel,177,200,23
Bannières,177,200,23
Saint-Amans-Soult,1677,1700,23
Marsac,177,200,23
La Chaussée,177,200,23
Gouex,477,500,23
Mouterre-sur-Blourde,177,200,23
Lauthiers,77,100,23
Verrue,377,400,23
Janailhac,477,500,23
Bains-les-Bains,1277,1300,23
Givry,177,200,23
Auxelles-Bas,477,500,23
Bray-et-Lû,977,1000,23
Vigny,1077,1100,23
Vero,477,500,23
Rusio,77,100,23
Bigorno,77,100,23
Avapessa,77,100,23
Surjoux,78,100,22
Sauverny,1078,1100,22
Loupeigne,78,100,22
La Neuville-en-Beine,178,200,22
Vorges,378,400,22
Beauvois-en-Vermandois,278,300,22
Saint-Pont,578,600,22
Cesset,378,400,22
Le Castellet,278,300,22
Revest-du-Bion,578,600,22
La Bâtie-Vieille,278,300,22
Saint-Alban-en-Montagne,78,100,22
Colombier-le-Cardinal,278,300,22
Margny,178,200,22
Villers-le-Tourneur,178,200,22
Bazeilles,1978,2000,22
Grivy-Loisy,178,200,22
Bogny-sur-Meuse,5478,5500,22
Warnécourt,378,400,22
Signy-Montlibert,78,100,22
Vaucogne,78,100,22
Mergey,678,700,22
Fontenay-de-Bossery,78,100,22
Taurize,78,100,22
Camps-sur-l'Agly,78,100,22
Peyreleau,78,100,22
Ségur,578,600,22
Saint-Chamas,7778,7800,22
Fontaine-Henry,478,500,22
Bissières,178,200,22
Juaye-Mondaye,678,700,22
Étréham,278,300,22
Russy,178,200,22
Celoux,78,100,22
Exideuil,1078,1100,22
Bonnes,378,400,22
Lussac,278,300,22
Saint-Laurent-de-Céris,778,800,22
Sainte-Colombe,178,200,22
Coux,478,500,22
Burie,1278,1300,22
Givrezac,78,100,22
La Frédière,78,100,22
Thou,78,100,22
Crézancy-en-Sancerre,478,500,22
Le Lonzac,778,800,22
Clergoux,378,400,22
Soudaine-Lavinadière,178,200,22
Rosiers-d'Égletons,1078,1100,22
Varanges,778,800,22
Bellenod-sur-Seine,78,100,22
Rougemont,178,200,22
Izeure,778,800,22
Perrigny-lès-Dijon,1478,1500,22
Boncourt-le-Bois,278,300,22
Sombernon,978,1000,22
Censerey,178,200,22
Ruffey-lès-Beaune,678,700,22
Saint-Jean-Kerdaniel,578,600,22
Caurel,378,400,22
Saint-Pardoux-le-Neuf,178,200,22
Comberanche-et-Épeluche,178,200,22
Rudeau-Ladosse,178,200,22
Allemans,578,600,22
Saint-Avit-Rivière,78,100,22
Vallereuil,278,300,22
Montagnac-la-Crempse,378,400,22
Pessans,78,100,22
Feule,178,200,22
La Coucourde,978,1000,22
Saint-Agnan-en-Vercors,378,400,22
Francillon-sur-Roubion,178,200,22
Châtillon-Saint-Jean,1178,1200,22
Colonzelle,478,500,22
Château-sur-Epte,578,600,22
Richeville,278,300,22
Parville,278,300,22
Le Landin,178,200,22
Guitry,278,300,22
Rouvray,278,300,22
Le Bosc-Roger-en-Roumois,3178,3200,22
Saint-Ange-et-Torçay,278,300,22
Sarrecave,78,100,22
Montgaillard-sur-Save,78,100,22
Saint-Hilaire,1078,1100,22
Mauran,178,200,22
Massabrac,78,100,22
Vaux,278,300,22
Saint-Vincent,178,200,22
Laguian-Mazous,278,300,22
Saint-Pierre-d'Aubézies,78,100,22
Monprimblanc,278,300,22
Camiac-et-Saint-Denis,378,400,22
Le Puy,378,400,22
La Salvetat-sur-Agout,1178,1200,22
Cabrières,478,500,22
Clayes,678,700,22
Saint-Séglin,478,500,22
La Vernelle,778,800,22
Rosnay,578,600,22
Poulaines,878,900,22
Saint-Valentin,278,300,22
Sublaines,178,200,22
Poisat,2078,2100,22
Monteynard,478,500,22
Vourey,1578,1600,22
Hautecour,178,200,22
Saint-Loup,278,300,22
Lavans-lès-Saint-Claude,1878,1900,22
Fontainebrux,178,200,22
Chaumergy,478,500,22
Ossages,478,500,22
Monségur,378,400,22
Buanes,278,300,22
Saint-Maurice-sur-Adour,578,600,22
Autainville,378,400,22
Saint-Michel-sur-Rhône,778,800,22
Pinay,278,300,22
Autrac,78,100,22
Langeac,3978,4000,22
Saint-Vincent,978,1000,22
Chassagnes,178,200,22
Rauret,178,200,22
Vrigny,778,800,22
Crégols,78,100,22
Bouziès,78,100,22
Saint-Martin-Labouval,178,200,22
Cuzorn,878,900,22
Laussou,278,300,22
Saint-Pierre-sur-Dropt,278,300,22
Beauville,578,600,22
Le Longeron,2078,2100,22
Vauchrétien,1478,1500,22
La Haye-Bellefond,78,100,22
Branville-Hague,178,200,22
Breuville,378,400,22
Saint-James,2678,2700,22
Chérencé-le-Héron,378,400,22
Somme-Bionne,78,100,22
Val-de-Vesle,778,800,22
Conflans-sur-Seine,678,700,22
Tauxières-Mutry,278,300,22
Cheppes-la-Prairie,178,200,22
Chavot-Courcourt,378,400,22
Lamothe-en-Blaisy,78,100,22
Saint-Thiébault,278,300,22
Rangecourt,78,100,22
Thivet,278,300,22
Humes-Jorquenay,578,600,22
Saint-Ciergues,178,200,22
Enfonvelle,78,100,22
Vignory,278,300,22
Cirfontaines-en-Ornois,78,100,22
Uruffe,378,400,22
Dommarie-Eulmont,78,100,22
Réchicourt-la-Petite,78,100,22
Hoéville,178,200,22
Velaine-sous-Amance,278,300,22
Colombey-les-Belles,1378,1400,22
Le Neufour,78,100,22
Cléry-le-Grand,78,100,22
Villotte-sur-Aire,178,200,22
Érize-la-Brûlée,178,200,22
Missiriac,1078,1100,22
Saint-Servant,778,800,22
Montbronn,1678,1700,22
Soucht,1178,1200,22
Burlioncourt,178,200,22
Roupeldange,378,400,22
Ham-sous-Varsberg,2778,2800,22
Epping,578,600,22
La Marche,578,600,22
Crèvecur-sur-l'Escaut,678,700,22
Berlière,178,200,22
Guiscard,1878,1900,22
Villeselve,378,400,22
Arsy,778,800,22
Plainville,178,200,22
Sarcus,278,300,22
Vidai,78,100,22
Sainte-Marie-la-Robert,78,100,22
Tellières-le-Plessis,78,100,22
Bancourt,78,100,22
Senlis,178,200,22
Fauquembergues,978,1000,22
Quercamps,278,300,22
Loos-en-Gohelle,6778,6800,22
Hermies,1178,1200,22
Sapignies,178,200,22
Vacquerie-le-Boucq,78,100,22
Grévillers,378,400,22
Augerolles,878,900,22
Le Vernet-Sainte-Marguerite,278,300,22
Dorat,678,700,22
Saint-Ours,1578,1600,22
La Chapelle-sur-Usson,78,100,22
Nohanent,1878,1900,22
Mont-Disse,78,100,22
Orègue,478,500,22
Estaing,78,100,22
Viella,78,100,22
Boô-Silhen,278,300,22
Estampures,78,100,22
Lhez,78,100,22
Lescurry,178,200,22
Argelès-sur-Mer,9978,10000,22
Saint-Génis-des-Fontaines,2778,2800,22
Kirrberg,178,200,22
Retschwiller,278,300,22
Colroy-la-Roche,478,500,22
Hengwiller,178,200,22
Gungwiller,278,300,22
Biltzheim,378,400,22
Eschbach-au-Val,378,400,22
Saint-Didier-sous-Riverie,1178,1200,22
Chaponost,7978,8000,22
Chiroubles,378,400,22
Germigney,178,200,22
Pontcey,278,300,22
Lomont,378,400,22
Beaumotte-lès-Pin,278,300,22
La Chapelle-Thècle,478,500,22
Montchanin,5478,5500,22
Igé,878,900,22
Matour,1078,1100,22
Sainte-Radegonde,178,200,22
Saint-Vérand,178,200,22
Gilly-sur-Loire,478,500,22
Baudemont,678,700,22
Tramayes,978,1000,22
Fleurville,478,500,22
Neuvy-en-Champagne,378,400,22
Souvigné-sur-Même,178,200,22
Neufchâtel-en-Saosnois,978,1000,22
Tignes,2178,2200,22
Andilly,778,800,22
Normanville,578,600,22
Elbeuf,17178,17200,22
Le Fossé,478,500,22
Bretteville-du-Grand-Caux,1278,1300,22
Martigny,478,500,22
Vénestanville,178,200,22
Faÿ-lès-Nemours,478,500,22
Noyen-sur-Seine,378,400,22
Quiers,678,700,22
Villeneuve-le-Comte,1778,1800,22
Courgent,378,400,22
Ménigoute,878,900,22
Loubillé,378,400,22
Messé,178,200,22
Pamproux,1678,1700,22
Aubigny,178,200,22
Boussicourt,78,100,22
Embreville,578,600,22
Bailleul,278,300,22
Méharicourt,578,600,22
Mesnil-Saint-Georges,178,200,22
Punchy,78,100,22
Ochancourt,278,300,22
Marnaves,78,100,22
Montredon-Labessonnié,2078,2100,22
Cestayrols,478,500,22
Buisson,278,300,22
Saint-Denis-du-Payré,378,400,22
La Guérinière,1478,1500,22
Mauprévoir,678,700,22
Saint-Hilaire-les-Places,878,900,22
Sainte-Barbe,278,300,22
Viviers-le-Gras,178,200,22
Ouanne,678,700,22
Saint-Jean-de-Beauregard,278,300,22
Bernes-sur-Oise,2378,2400,22
Challes-la-Montagne,179,200,21
Mijoux,379,400,21
Prouvais,379,400,21
Montigny-lès-Condé,79,100,21
Gandelu,679,700,21
Marchais,379,400,21
Seboncourt,1079,1100,21
Limoise,179,200,21
Turriers,379,400,21
Auzet,79,100,21
Prads-Haute-Bléone,179,200,21
Sainte-Croix-à-Lauze,79,100,21
Rabou,79,100,21
Sigottier,79,100,21
Antonaves,179,200,21
Roquestéron-Grasse,79,100,21
Andon,579,600,21
Berre-les-Alpes,1279,1300,21
Sainte-Marguerite-Lafigère,79,100,21
Genestelle,279,300,21
Rompon,979,1000,21
Rocher,279,300,21
Chalandry-Elaire,579,600,21
Le Peyrat,479,500,21
Magnant,179,200,21
Lhuître,279,300,21
Pougy,279,300,21
Meurville,179,200,21
Vinets,179,200,21
Fanjeaux,779,800,21
La Louvière-Lauragais,79,100,21
Saint-Julien-de-Briola,79,100,21
Caudeval,179,200,21
Malviès,379,400,21
Roquefort-de-Sault,79,100,21
Prades-Salars,279,300,21
Langrune-sur-Mer,1779,1800,21
Banneville-sur-Ajon,379,400,21
Saint-Rémy,1079,1100,21
Asnelles,579,600,21
Cresseveuille,279,300,21
Lafeuillade-en-Vézie,579,600,21
Oradour,279,300,21
Lesterps,479,500,21
Chassenon,879,900,21
Clam,379,400,21
Varaize,579,600,21
Saugy,79,100,21
Sury-ès-Bois,279,300,21
Masseret,679,700,21
Chenailler-Mascheix,179,200,21
Ancey,379,400,21
Pernand-Vergelesses,279,300,21
Clamerey,179,200,21
Arc-sur-Tille,2479,2500,21
Étormay,79,100,21
Kermaria-Sulard,979,1000,21
Tréveneuc,779,800,21
La Malhoure,479,500,21
Le Bodéo,179,200,21
La Chapelle-Taillefert,379,400,21
Pontcharraud,79,100,21
Marsac,679,700,21
Monfaucon,279,300,21
Pazayac,879,900,21
Saint-Julien-de-Bourdeilles,79,100,21
Connezac,79,100,21
Saint-Cyr-les-Champagnes,279,300,21
Lavaur,79,100,21
Saint-Privat-des-Prés,579,600,21
Épenoy,579,600,21
Écurcey,279,300,21
Goumois,179,200,21
Villars-sous-Écot,379,400,21
Crosey-le-Grand,179,200,21
Bremondans,79,100,21
Montmaur-en-Diois,79,100,21
Saint-Jean-en-Royans,2979,3000,21
Beaumont-en-Diois,79,100,21
Flancourt-Catelon,479,500,21
Villers-en-Vexin,279,300,21
Saint-Aubin-le-Vertueux,879,900,21
Ouarville,579,600,21
Conie-Molitard,379,400,21
Cernay,79,100,21
Le Cloître-Pleyben,579,600,21
Vallabrix,379,400,21
Sommières,4479,4500,21
Saint-Nazaire-des-Gardies,79,100,21
Lodes,279,300,21
Sainte-Foy-d'Aigrefeuille,1979,2000,21
Aurignac,1179,1200,21
Galiax,179,200,21
Loubersan,179,200,21
Traversères,79,100,21
Fourcès,279,300,21
Soussac,179,200,21
Périssac,1079,1100,21
Saint-Étienne-de-Lisse,279,300,21
Blanquefort,14779,14800,21
Cours-de-Monségur,279,300,21
Saint-Laurent-des-Combes,279,300,21
Massugas,279,300,21
Saint-Julien-Beychevelle,679,700,21
Notre-Dame-de-Londres,479,500,21
Prades-sur-Vernazobre,279,300,21
Lieuran-Cabrières,279,300,21
Guipel,1579,1600,21
Osse,1179,1200,21
Arbrissel,279,300,21
Crozon-sur-Vauvre,379,400,21
Diou,279,300,21
Chemillé-sur-Dême,679,700,21
Saint-Arey,79,100,21
Nantes-en-Ratier,479,500,21
Clucy,79,100,21
Menotey,279,300,21
Bellecombe,79,100,21
Toulouzette,279,300,21
Orist,679,700,21
Garrey,179,200,21
Saint-Cyr-du-Gault,179,200,21
Candé-sur-Beuvron,1479,1500,21
Saint-Marcel-de-Félines,779,800,21
Grézolles,279,300,21
Salles,479,500,21
Adon,179,200,21
La Selle-en-Hermoy,779,800,21
Langesse,79,100,21
Labrosse,79,100,21
Carayac,79,100,21
Le Boulvé,179,200,21
Issepts,179,200,21
Sonac,79,100,21
Saint-Cirgues,379,400,21
Luzech,1679,1700,21
Cénevières,179,200,21
Douzains,279,300,21
Savignac-sur-Leyze,279,300,21
Peyrière,279,300,21
Monségur,379,400,21
La Salle-Prunet,179,200,21
Saint-Laurent-de-Trèves,179,200,21
Saint-Laurent-du-Mottay,779,800,21
Bourgneuf-en-Mauges,679,700,21
Saint-Sulpice,179,200,21
Chevry,79,100,21
Golleville,179,200,21
Réville,1179,1200,21
Mancy,279,300,21
Sept-Saulx,579,600,21
Saint-Utin,79,100,21
Pogny,879,900,21
Ay,4079,4100,21
Lhéry,79,100,21
Romery,179,200,21
Neuville-au-Pont,179,200,21
Fays,79,100,21
Orquevaux,79,100,21
Harréville-les-Chanteurs,279,300,21
Saint-Jean-sur-Erve,479,500,21
Loigné-sur-Mayenne,879,900,21
Fillières,479,500,21
Merviller,379,400,21
Gémonville,79,100,21
Thiaville-sur-Meurthe,479,500,21
Labry,1679,1700,21
Cons-la-Grandville,579,600,21
Thuilley-aux-Groseilles,479,500,21
Saint-Firmin,279,300,21
Jeandelize,379,400,21
Stenay,2779,2800,21
Marchéville-en-Woëvre,79,100,21
Brixey-aux-Chanoines,79,100,21
Évriguet,179,200,21
Rolbing,279,300,21
Elzange,779,800,21
Illange,1979,2000,21
Conthil,179,200,21
Silly-sur-Nied,679,700,21
Teting-sur-Nied,1379,1400,21
Guerting,879,900,21
Xocourt,79,100,21
Saint-Brisson,279,300,21
Cossaye,779,800,21
Saint-Aubin-des-Chaumes,79,100,21
Metz-le-Comte,179,200,21
Colleret,1679,1700,21
Noyelles-lès-Seclin,879,900,21
Reumont,379,400,21
Bouillancy,379,400,21
Ville,779,800,21
Pontoise-lès-Noyon,479,500,21
Saint-Pierre-es-Champs,679,700,21
Mouchy-le-Châtel,79,100,21
Villers-Saint-Barthélemy,479,500,21
Saint-Paul,1579,1600,21
Monchy-Saint-Éloi,1979,2000,21
Ginai,79,100,21
Marmouillé,179,200,21
Saires-la-Verrerie,279,300,21
Fel,279,300,21
L'Épinay-le-Comte,179,200,21
Attaques,1979,2000,21
Ruyaulcourt,279,300,21
Hesmond,179,200,21
Le Souich,179,200,21
Labroye,179,200,21
Courset,479,500,21
Neuvireuil,479,500,21
Chas,379,400,21
Corent,679,700,21
Beyrie-en-Béarn,179,200,21
Tadousse-Ussau,79,100,21
Lalonquette,279,300,21
Cette-Eygun,79,100,21
Doumy,279,300,21
Lescun,179,200,21
Louit,179,200,21
Juncalas,179,200,21
Layrisse,179,200,21
Esquièze-Sère,379,400,21
Aventignan,179,200,21
Allier,379,400,21
Saint-Paul-de-Fenouillet,1879,1900,21
Flexbourg,479,500,21
Steinbourg,1979,2000,21
Wickerschwihr,779,800,21
Saint-Loup,979,1000,21
Bâties,79,100,21
Malbouhans,379,400,21
Lieucourt,79,100,21
Bourbévelle,79,100,21
Lucenay-l'Évêque,379,400,21
Créot,79,100,21
La Motte-Saint-Jean,1179,1200,21
Montagny-près-Louhans,479,500,21
Jambles,479,500,21
Moroges,579,600,21
Davayé,679,700,21
Saint-Mard-de-Vaux,279,300,21
Parigné-le-Pôlin,1079,1100,21
Dissé-sous-le-Lude,579,600,21
Neuvillalais,579,600,21
Tresson,479,500,21
Saint-Pierre-de-Soucy,379,400,21
Montsapey,79,100,21
Cevins,679,700,21
Champagny-en-Vanoise,679,700,21
Arthaz-Pont-Notre-Dame,1279,1300,21
Saint-Jean-de-Tholome,879,900,21
Bailleul-Neuville,179,200,21
Parc-d'Anxtot,579,600,21
Caudebec-en-Caux,2279,2300,21
Gueutteville,79,100,21
Grumesnil,479,500,21
Saint-Mammès,3179,3200,21
Chelles,52779,52800,21
Gironville,179,200,21
Châtres,579,600,21
Chartronges,279,300,21
Écuelles,2479,2500,21
Sailly,379,400,21
Avon,79,100,21
Lorigné,279,300,21
Montravers,379,400,21
Moyenneville,679,700,21
Ville-sur-Ancre,279,300,21
Fourcigny,179,200,21
Sémalens,1979,2000,21
Sauveterre,179,200,21
Cuq,479,500,21
Marsal,279,300,21
Caromb,3179,3200,21
Saint-Prouant,1479,1500,21
Berthegon,279,300,21
Monthoiron,679,700,21
Tilleux,79,100,21
Lerrain,479,500,21
Maillot,1079,1100,21
Saint-Denis,679,700,21
Festigny,79,100,21
Sainte-Colombe-sur-Loing,179,200,21
Vassy-sous-Pisy,79,100,21
Petitmagny,279,300,21
Villeneuve-le-Roi,18479,18500,21
Commeny,379,400,21
Ville-di-Paraso,179,200,21
Chavannes-sur-Reyssouze,680,700,20
Vieu,380,400,20
Saint-Nizier-le-Désert,880,900,20
Arbignieu,480,500,20
Saint-Germain-de-Joux,480,500,20
Mont-Saint-Jean,80,100,20
Juvigny,280,300,20
Bray-Saint-Christophe,80,100,20
Perles,80,100,20
La Ville-aux-Bois-lès-Dizy,180,200,20
Ostel,80,100,20
Allemant,180,200,20
Septmonts,580,600,20
Pleine-Selve,180,200,20
Saint-Didier-la-Forêt,380,400,20
Le Donjon,1080,1100,20
Louroux-de-Bouble,280,300,20
Draix,80,100,20
Vigneaux,480,500,20
Le Glaizil,180,200,20
La Turbie,3180,3200,20
Saint-Étienne-de-Fontbellon,2480,2500,20
Lamastre,2480,2500,20
Lanas,380,400,20
Lametz,80,100,20
Fépin,280,300,20
Murtin-et-Bogny,180,200,20
Vireux-Molhain,1680,1700,20
Poilcourt-Sydney,180,200,20
Louvergny,80,100,20
Camarade,180,200,20
Lagesse,180,200,20
Pars-lès-Romilly,780,800,20
Villeneuve-au-Chemin,180,200,20
Macey,880,900,20
Maisons-lès-Soulaines,80,100,20
Vernonvilliers,80,100,20
La Motte-Tilly,380,400,20
Cabrespine,180,200,20
Laurac,180,200,20
Laissac,1580,1600,20
Équemauville,1280,1300,20
Saint-Germain-du-Pert,180,200,20
Barbeville,180,200,20
Valsemé,280,300,20
Talizat,580,600,20
Oradour-Fanais,380,400,20
Poullignac,80,100,20
Geay,680,700,20
Mosnac,480,500,20
Saint-Quantin-de-Rançanne,280,300,20
Saint-Saturnin-du-Bois,880,900,20
Argenvières,480,500,20
Couy,380,400,20
Montigny,380,400,20
Osmery,280,300,20
Sainte-Solange,1180,1200,20
Chasteaux,580,600,20
Chanteix,580,600,20
Saint-Martial-Entraygues,80,100,20
Athée,780,800,20
Nantoux,180,200,20
La Rochepot,280,300,20
Panges,80,100,20
Chamesson,280,300,20
Billy-lès-Chanceaux,80,100,20
Trochères,180,200,20
Pleudaniel,980,1000,20
Roches,380,400,20
Salles-de-Belvès,80,100,20
Servanches,80,100,20
Villers-sous-Montrond,180,200,20
Rouhe,80,100,20
Vyt-lès-Belvoir,180,200,20
Mercey-le-Grand,480,500,20
Gémonval,80,100,20
Cubry,80,100,20
Montfroc,80,100,20
Taulignan,1580,1600,20
Arpavon,80,100,20
Goupillières,780,800,20
Villiers-en-Désœuvre,880,900,20
Saint-Denis-du-Béhélan,180,200,20
L'Hosmes,80,100,20
Morainville-Jouveaux,380,400,20
Saint-Mards-de-Blacarville,780,800,20
Roman,280,300,20
Reuilly,580,600,20
Guilleville,180,200,20
Saint-Jean-Pierre-Fixte,280,300,20
Plouégat-Guérand,1080,1100,20
Lussan,480,500,20
Lédenon,1380,1400,20
Juzes,80,100,20
Vernet,2080,2100,20
Tour,80,100,20
Panjas,380,400,20
Monfort,480,500,20
Saint-Ost,80,100,20
Nogaro,1980,2000,20
Beautiran,2180,2200,20
Daignac,480,500,20
Comps,480,500,20
Illats,1280,1300,20
Assignan,180,200,20
Le Pradal,280,300,20
Forges-la-Forêt,280,300,20
Lassy,1380,1400,20
Beaulieu,80,100,20
Luçay-le-Mâle,1480,1500,20
Artannes-sur-Indre,2480,2500,20
La Riche,10080,10100,20
Château-Bernard,280,300,20
Veurey-Voroize,1380,1400,20
Charantonnay,1880,1900,20
Moirans,7780,7800,20
Recanoz,80,100,20
Cramans,480,500,20
Le Vernois,280,300,20
Le Villey,80,100,20
Marigny,180,200,20
Lains,80,100,20
Châteauneuf,1480,1500,20
Chassignolles,80,100,20
Chavaniac-Lafayette,280,300,20
La Chapelle-Saint-Sauveur,780,800,20
Château-Renard,2280,2300,20
Dammarie-en-Puisaye,180,200,20
Patay,2080,2100,20
Cézac,180,200,20
Vire-sur-Lot,380,400,20
Saint-Caprais,80,100,20
Granges-sur-Lot,580,600,20
Saint-Géraud,80,100,20
Montesquieu,780,800,20
Sauméjan,80,100,20
Saint-Rome-de-Dolan,80,100,20
Montsoreau,480,500,20
Cosqueville,580,600,20
Saint-Georges-de-la-Rivière,280,300,20
Vaudreville,80,100,20
Bolleville,380,400,20
Pont-Hébert,1780,1800,20
Auxais,180,200,20
Nay,80,100,20
Montrabot,80,100,20
Sacy,380,400,20
Serzy-et-Prin,180,200,20
Bethon,280,300,20
Passy-Grigny,380,400,20
Oyes,80,100,20
Oiry,880,900,20
Poix,80,100,20
Wassy,2980,3000,20
Roches-sur-Marne,580,600,20
Daillancourt,80,100,20
Villiers-en-Lieu,1580,1600,20
Arbigny-sous-Varennes,80,100,20
La Pallu,180,200,20
Saint-Germain-le-Guillaume,480,500,20
Gondrecourt-Aix,180,200,20
Vaudémont,80,100,20
Bouxières-sous-Froidmont,280,300,20
Lucey,580,600,20
Parux,80,100,20
Flirey,180,200,20
Jevoncourt,80,100,20
Atton,780,800,20
Vitrimont,380,400,20
Fléville-Lixières,280,300,20
Gugney,80,100,20
Housséville,180,200,20
Villers-en-Haye,180,200,20
Beausite,280,300,20
Maizey,180,200,20
Herbeuville,180,200,20
Dieppe-sous-Douaumont,180,200,20
Saint-Caradec-Trégomel,480,500,20
Pournoy-la-Grasse,580,600,20
Veckring,680,700,20
Glatigny,280,300,20
Dieuze,3780,3800,20
Guéblange-lès-Dieuze,180,200,20
Lormes,1380,1400,20
Saint-Parize-le-Châtel,1280,1300,20
Éclaibes,280,300,20
Rumegies,1580,1600,20
Nieurlet,980,1000,20
Aulnoy-lez-Valenciennes,7280,7300,20
Saint-Hilaire-sur-Helpe,780,800,20
Looberghe,1180,1200,20
La Neuville,680,700,20
Bretigny,380,400,20
Le Mont-Saint-Adrien,580,600,20
Boutavent,80,100,20
Lucé,80,100,20
Beauvain,280,300,20
Saint-Jean-des-Bois,180,200,20
Neuilly-le-Bisson,280,300,20
Geneslay,280,300,20
Fontaine-lès-Croisilles,280,300,20
Galametz,180,200,20
Herbinghen,380,400,20
Coyecques,580,600,20
Lépine,280,300,20
La Crouzille,280,300,20
Cuqueron,180,200,20
Maspie-Lalonquère-Juillacq,280,300,20
Ribarrouy,80,100,20
Armendarits,380,400,20
Etsaut,80,100,20
Lasseubetat,180,200,20
Luc,180,200,20
Recurt,180,200,20
Anla,80,100,20
Vielle-Louron,80,100,20
Lombrès,80,100,20
Soublecause,180,200,20
Eschwiller,180,200,20
Bischholtz,280,300,20
Oberhaslach,1780,1800,20
Hegeney,380,400,20
Hunspach,680,700,20
Brumath,9880,9900,20
Schirrhein,2180,2200,20
Uffheim,880,900,20
La Mulatière,6480,6500,20
Ancy,580,600,20
Velloreille-lès-Choye,80,100,20
Vauvillers,680,700,20
Marnay,1380,1400,20
Belfahy,80,100,20
Saint-Ferjeux,80,100,20
Damerey,580,600,20
Tintry,80,100,20
Ciry-le-Noble,2380,2400,20
Saint-Rémy-des-Monts,680,700,20
Saint-Mars-sous-Ballon,880,900,20
Courcemont,680,700,20
Lucey,280,300,20
Saint-André,480,500,20
Mûres,680,700,20
Combloux,2080,2100,20
Saint-Jean-d'Aulps,1180,1200,20
Bogève,1080,1100,20
Clefs,580,600,20
Bracquemont,880,900,20
La Bouille,780,800,20
Vieux-Champagne,180,200,20
Chapet,1180,1200,20
Scillé,380,400,20
Sainte-Gemme,380,400,20
Biaches,380,400,20
Bellancourt,480,500,20
Fins,280,300,20
Maison-Ponthieu,280,300,20
Péchaudier,180,200,20
Saint-Aubin-la-Plaine,480,500,20
Saint-Hilaire-le-Vouhis,980,1000,20
Chiré-en-Montreuil,880,900,20
Leignes-sur-Fontaine,580,600,20
Ternay,180,200,20
Pouxeux,1980,2000,20
Hymont,480,500,20
Archettes,1080,1100,20
Belval,180,200,20
Montillot,280,300,20
Bassou,780,800,20
Méré,180,200,20
Rouvray,380,400,20
Ormoy,680,700,20
Chaux,1080,1100,20
Saint-Hilaire,380,400,20
Mondeville,680,700,20
Sermaise,1680,1700,20
Casalabriva,180,200,20
Cambia,80,100,20
Altiani,80,100,20
Luri,680,700,20
Olcani,80,100,20
Saint-Just,881,900,19
Bouconville-Vauclair,181,200,19
Vailly-sur-Aisne,2081,2100,19
Serain,381,400,19
Macogny,81,100,19
Montfaucon,181,200,19
Billy-sur-Aisne,1081,1100,19
Belleu,3881,3900,19
Étrépilly,81,100,19
Viel-Arcy,181,200,19
Tugny-et-Pont,281,300,19
Vézilly,181,200,19
Colligis-Crandelain,181,200,19
Châtillon-lès-Sons,81,100,19
La Chapelle-sur-Chézy,281,300,19
Fieulaine,281,300,19
Saint-Léger-sur-Vouzance,281,300,19
La Chapelaude,981,1000,19
Couleuvre,581,600,19
Saint-Nicolas-des-Biefs,181,200,19
Pontis,81,100,19
Duranus,181,200,19
Dompnac,81,100,19
Félines,1481,1500,19
Verpel,81,100,19
Brienne-sur-Aisne,181,200,19
Mondigny,181,200,19
Fromy,81,100,19
Mouron,81,100,19
Tétaigne,81,100,19
La Ferté-sur-Chiers,181,200,19
Inaumont,81,100,19
Lescousse,81,100,19
Montfa,81,100,19
Granges,81,100,19
Précy-Notre-Dame,81,100,19
Échemines,81,100,19
Saint-Martin-de-Bossenay,381,400,19
Torcy-le-Petit,81,100,19
Trancault,181,200,19
Saint-Jean-de-Barrou,281,300,19
Bize-Minervois,1081,1100,19
Espéraza,2081,2100,19
Saint-Victor-et-Melvieu,381,400,19
Le Désert,81,100,19
Sainte-Marie-Outre-l'Eau,81,100,19
Vienne-en-Bessin,281,300,19
Monceaux,181,200,19
Longueville,281,300,19
Cottun,181,200,19
Le Rouget,981,1000,19
Nabinaud,81,100,19
Salles-d'Angles,1081,1100,19
Saint-Médard,81,100,19
Beauvais-sur-Matha,681,700,19
Villexavier,281,300,19
Mortiers,181,200,19
Fontenet,381,400,19
Jalognes,281,300,19
Menetou-Râtel,481,500,19
Jars,481,500,19
Sérilhac,281,300,19
Lapleau,381,400,19
Saint-Pardoux-le-Vieux,281,300,19
Chameyrat,1581,1600,19
Planay,81,100,19
Culètre,81,100,19
Frôlois,181,200,19
Noiron-sur-Seine,81,100,19
Plessala,1881,1900,19
Trélévern,1381,1400,19
Saint-Gilles-du-Mené,481,500,19
Fleurat,281,300,19
Jalesches,81,100,19
Sainte-Sabine-Born,381,400,19
Chassaignes,81,100,19
Saint-Séverin-d'Estissac,81,100,19
Avilley,181,200,19
Fourcatier-et-Maison-Neuve,81,100,19
Mondon,81,100,19
Passonfontaine,281,300,19
Rosureux,81,100,19
Routelle,481,500,19
Vaudrivillers,81,100,19
Teyssières,81,100,19
Beauvoisin,181,200,19
Ballons,81,100,19
Marsanne,1181,1200,19
Fleury-la-Forêt,281,300,19
Le Tilleul-Othon,381,400,19
Boisney,281,300,19
Hauville,1281,1300,19
Corneuil,481,500,19
Réclainville,181,200,19
Chauffours,281,300,19
Peumérit,781,800,19
Tréflévénez,281,300,19
Mahalon,881,900,19
Gourlizon,881,900,19
Saint-Victor-des-Oules,281,300,19
Aujac,181,200,19
Parignargues,581,600,19
Bouquet,181,200,19
Soudorgues,281,300,19
Larcan,181,200,19
Bouzin,81,100,19
Drudas,181,200,19
Louslitges,81,100,19
Céran,181,200,19
Barie,281,300,19
Mons,581,600,19
Lalleu,581,600,19
Saint-Août,881,900,19
Saint-Christophe-en-Bazelle,381,400,19
Chambourg-sur-Indre,1281,1300,19
Château-Renault,5181,5200,19
Villebourg,281,300,19
Siccieu-Saint-Julien-et-Carisieu,581,600,19
Charnècles,1481,1500,19
Quincieu,81,100,19
Sainte-Anne-sur-Gervonde,581,600,19
Murinais,381,400,19
Le Larderet,81,100,19
Orbagna,181,200,19
Rix,81,100,19
Lussagnet,81,100,19
Thésée,1181,1200,19
Villemontais,981,1000,19
Boisset-lès-Montrond,1081,1100,19
Roisey,881,900,19
Tailhac,81,100,19
Cronce,81,100,19
Saint-Germain-des-Prés,1881,1900,19
Sainte-Geneviève-des-Bois,1081,1100,19
Orveau-Bellesauve,381,400,19
Allemans-du-Dropt,481,500,19
Durance,281,300,19
Montignac-de-Lauzun,281,300,19
Damazan,1281,1300,19
Le Malzieu-Ville,881,900,19
Nyoiseau,1281,1300,19
Chanteloup-les-Bois,681,700,19
Lasse,281,300,19
Montrevault,1281,1300,19
La Meauffe,1081,1100,19
Saint-Jean-de-Savigny,381,400,19
Le Mesnillard,281,300,19
Vengeons,481,500,19
Vienne-la-Ville,181,200,19
Drosnay,181,200,19
Vanault-le-Châtel,181,200,19
Soulanges,481,500,19
Ormancey,81,100,19
Saint-Vallier-sur-Marne,181,200,19
Sommerécourt,81,100,19
Repaix,81,100,19
Monthairons,381,400,19
Sepvigny,81,100,19
Saint-Remy-la-Calonne,81,100,19
Saint-Léry,181,200,19
Morsbach,2581,2600,19
Vœlfling-lès-Bouzonville,181,200,19
Hangviller,281,300,19
Tincry,181,200,19
Betting,881,900,19
Vernéville,581,600,19
Dompierre-sur-Nièvre,181,200,19
Chantenay-Saint-Imbert,1281,1300,19
Saint-Péreuse,281,300,19
Landrecies,3581,3600,19
Le Favril,481,500,19
Salomé,2981,3000,19
Staple,681,700,19
La Longueville,2181,2200,19
Brouckerque,1281,1300,19
Villeneuve-les-Sablons,1281,1300,19
Conteville,81,100,19
Prévillers,181,200,19
Saint-Martin-Longueau,1481,1500,19
Lalande-en-Son,681,700,19
Fresnières,181,200,19
Lalacelle,281,300,19
Chandai,681,700,19
Sainte-Croix-sur-Orne,81,100,19
Gaudiempré,181,200,19
Saint-Léonard,3581,3600,19
Verlincthun,381,400,19
Nempont-Saint-Firmin,181,200,19
Chamalières,17081,17100,19
Job,1081,1100,19
Sauret-Besserve,181,200,19
Menat,581,600,19
Mayres,181,200,19
Verdets,281,300,19
Rébénacq,681,700,19
Thèbe,81,100,19
Aulon,81,100,19
Tournous-Darré,81,100,19
Lapeyre,81,100,19
Fuilla,381,400,19
Hinsingen,81,100,19
Bettendorf,481,500,19
Bennwihr,1281,1300,19
Bergholtz,1081,1100,19
Mantoche,481,500,19
Bouhans-et-Feurg,281,300,19
Gézier-et-Fontenelay,181,200,19
Velleminfroy,281,300,19
Faverney,981,1000,19
Besnans,81,100,19
Ambiévillers,81,100,19
Sancé,1881,1900,19
Flagy,181,200,19
Lans,881,900,19
Guerfand,181,200,19
Virey-le-Grand,1281,1300,19
Pirmil,481,500,19
Ligron,481,500,19
Rouez,781,800,19
Meyrieux-Trouet,281,300,19
Voglans,1681,1700,19
Traize,281,300,19
Albiez-Montrond,381,400,19
Saint-Girod,581,600,19
Présilly,681,700,19
Chessenaz,181,200,19
Saint-Georges-sur-Fontaine,881,900,19
Cressy,281,300,19
Daubeuf-Serville,381,400,19
Beton-Bazoches,781,800,19
Saints,1281,1300,19
Lescherolles,481,500,19
Quend,1381,1400,19
Cerisy,481,500,19
Monchy-Lagache,681,700,19
Estrées-sur-Noye,281,300,19
Heilly,381,400,19
Léalvillers,181,200,19
Aizecourt-le-Haut,81,100,19
Rumigny,581,600,19
Tours-en-Vimeu,881,900,19
Saliès,781,800,19
Montjoi,181,200,19
Lacour,181,200,19
Lagnes,1681,1700,19
Bouillé-Courdault,481,500,19
Chalandray,781,800,19
Béthines,481,500,19
Mont-lès-Neufchâteau,281,300,19
Rouges-Eaux,81,100,19
Hadol,2281,2300,19
Le Tholy,1581,1600,19
Leugny,381,400,19
Mailly-le-Château,581,600,19
Marmeaux,81,100,19
Poilly-sur-Serein,281,300,19
La Forêt-le-Roi,481,500,19
La Queue-en-Brie,11381,11400,19
Livilliers,381,400,19
Tavaco,281,300,19
Pila-Canale,281,300,19
Santa-Maria-Figaniella,81,100,19
Marboz,2182,2200,18
Saint-Jean-sur-Veyle,1082,1100,18
Hostiaz,82,100,18
Ploisy,82,100,18
Servais,282,300,18
Ribeauville,82,100,18
Louroux-de-Beaune,182,200,18
La Chapelle,382,400,18
Rongères,582,600,18
Broût-Vernet,1182,1200,18
Clumanc,182,200,18
Revest-Saint-Martin,82,100,18
L'Épine,182,200,18
Buissard,182,200,18
Saint-Jeannet,3682,3700,18
Conségudes,82,100,18
Bouyon,482,500,18
Boucieu-le-Roi,282,300,18
Sault-lès-Rethel,1882,1900,18
Bédeille,82,100,18
Montseron,82,100,18
Auzat,582,600,18
Couflens,82,100,18
Dalou,782,800,18
Chamoy,482,500,18
Donnement,82,100,18
Maisons-lès-Chaource,182,200,18
La Louptière-Thénard,282,300,18
Belvis,182,200,18
Treilles,182,200,18
Caux-et-Sauzens,782,800,18
Mézerville,82,100,18
Puichéric,1082,1100,18
Citou,82,100,18
Caudebronde,182,200,18
Sougraigne,82,100,18
Rullac-Saint-Cirq,382,400,18
Saint-Jean-du-Bruel,682,700,18
Olemps,3182,3200,18
Bucéels,382,400,18
Léaupartie,82,100,18
Donnay,182,200,18
Tournières,182,200,18
Le Theil-en-Auge,182,200,18
Livry,782,800,18
Sallenelles,282,300,18
Saint-Ouen-le-Houx,82,100,18
Antignac,282,300,18
Vic-sur-Cère,1982,2000,18
Saint-Simon,1082,1100,18
Arches,182,200,18
Maurs,2182,2200,18
Montembœuf,682,700,18
Saint-Palais-du-Né,282,300,18
Ranville-Breuillaud,182,200,18
Jazennes,482,500,18
Saint-Simon-de-Bordes,682,700,18
Savigny-en-Sancerre,1082,1100,18
Nançay,882,900,18
Cours-les-Barres,1082,1100,18
Touchay,282,300,18
Brivezac,182,200,18
Marcillac-la-Croze,182,200,18
Nesle-et-Massoult,82,100,18
Magny-la-Ville,82,100,18
Échevronne,282,300,18
Ivry-en-Montagne,182,200,18
Plancoët,3082,3100,18
Soumans,582,600,18
La Pouge,82,100,18
Génis,482,500,18
Moulin-Neuf,882,900,18
Nanthiat,282,300,18
Beauregard-et-Bassac,282,300,18
Huanne-Montmartin,82,100,18
Bonnétage,782,800,18
Cendrey,182,200,18
Saint-Juan,182,200,18
Saint-Bardoux,582,600,18
Sainte-Croix,82,100,18
Portes-en-Valdaine,382,400,18
Brestot,482,500,18
Bourneville,882,900,18
Caorches-Saint-Nicolas,582,600,18
Le Boulay-Morin,682,700,18
Valailles,382,400,18
Damville,1982,2000,18
Feuguerolles,182,200,18
Saint-Amand-des-Hautes-Terres,282,300,18
Éturqueraye,282,300,18
Baudreville,282,300,18
Louville-la-Chenard,282,300,18
Pinthières,182,200,18
Daoulas,1782,1800,18
Sardan,282,300,18
Antichan-de-Frontignes,82,100,18
Montadet,82,100,18
Pompiac,182,200,18
Giscaro,82,100,18
Beaumarchés,682,700,18
Mansempuy,82,100,18
Mongauzy,582,600,18
Jugazan,282,300,18
Toulenne,2582,2600,18
Landerrouat,182,200,18
Saussan,1482,1500,18
Fozières,182,200,18
Nizas,582,600,18
Sains,482,500,18
Saint-Erblon,2482,2500,18
Lillemer,282,300,18
Cléré-du-Bois,282,300,18
La Châtre,4482,4500,18
Betz-le-Château,582,600,18
Reugny,1582,1600,18
Azay-sur-Indre,382,400,18
Le Bouchage,582,600,18
Saint-Guillaume,282,300,18
Laffrey,382,400,18
Bracon,282,300,18
Écrille,82,100,18
Lect,382,400,18
Sermange,282,300,18
Villeneuve-sous-Pymont,282,300,18
Lombard,182,200,18
Lauret,82,100,18
Monget,82,100,18
Nousse,282,300,18
Gombergean,182,200,18
Oucques,1482,1500,18
Saint-Lubin-en-Vergonnois,682,700,18
Villemardy,282,300,18
Sougé,482,500,18
Bussy-Albieux,482,500,18
Saint-Just-en-Chevalet,1182,1200,18
Le Fresne-sur-Loire,982,1000,18
Noyal-sur-Brutz,582,600,18
Rouvres-Saint-Jean,282,300,18
Fréville-du-Gâtinais,182,200,18
Chapelon,282,300,18
Le Bignon-Mirabeau,282,300,18
Montpezat,582,600,18
Lagarrigue,282,300,18
Baleyssagues,182,200,18
Saint-Denis-en-Margeride,182,200,18
Fau-de-Peyre,182,200,18
Servières,182,200,18
La Daguenière,1282,1300,18
Saint-Cyr-en-Bourg,982,1000,18
Parnay,482,500,18
Baudreville,82,100,18
Colomby,482,500,18
Le Rozel,282,300,18
Hérenguerville,182,200,18
Beauchamps,382,400,18
Joiselle,82,100,18
Verdon,182,200,18
Cour-l'Évêque,182,200,18
Velles,82,100,18
Brainville-sur-Meuse,82,100,18
Daillecourt,82,100,18
Jublains,682,700,18
Loromontzey,82,100,18
Petit-Failly,82,100,18
Bralleville,182,200,18
Heudicourt-sous-les-Côtes,182,200,18
Thonne-le-Thil,282,300,18
Bréhéville,182,200,18
Savonnières-devant-Bar,482,500,18
Dagonville,82,100,18
Lizio,682,700,18
Beyren-lès-Sierck,482,500,18
Gondrexange,482,500,18
Mégange,182,200,18
Fixem,382,400,18
Tamnay-en-Bazois,182,200,18
Tresnay,182,200,18
Dommartin,182,200,18
Menou,182,200,18
Leffrinckoucke,4482,4500,18
Rieulay,1382,1400,18
Hardifort,382,400,18
Villers-Outréaux,2182,2200,18
Montjavoult,482,500,18
Rouvres-en-Multien,482,500,18
Lachelle,582,600,18
Acy-en-Multien,782,800,18
Quesmy,182,200,18
Jaméricourt,282,300,18
Lévignen,882,900,18
Saint-Maurice-lès-Charencey,582,600,18
Saint-Mars-d'Égrenne,682,700,18
Montreuil-la-Cambe,82,100,18
La Carneille,582,600,18
Monceaux-au-Perche,82,100,18
La Chapelle-au-Moine,582,600,18
Bours,582,600,18
Baralle,482,500,18
Montreuil,2282,2300,18
Écuires,782,800,18
La Chapelle-Agnon,382,400,18
Bertignat,482,500,18
Pouzol,282,300,18
Domaize,382,400,18
Saint-Sylvestre-Pragoulin,1082,1100,18
Saillant,282,300,18
Géus-d'Arzacq,182,200,18
Castetpugon,182,200,18
Saint-Paul,282,300,18
Peyrun,82,100,18
Saint-Savin,382,400,18
Sadournin,182,200,18
Keskastel,1582,1600,18
Ohnenheim,882,900,18
Hessenheim,582,600,18
La Vancelle,382,400,18
Gottenhouse,382,400,18
Soultzeren,1182,1200,18
Guémar,1382,1400,18
Roggenhouse,482,500,18
Saint-André-la-Côte,282,300,18
Scey-sur-Saône-et-Saint-Albin,1682,1700,18
Bonboillon,182,200,18
Noroy-le-Bourg,482,500,18
Denèvre,182,200,18
Champagny-sous-Uxelles,82,100,18
Grandvaux,82,100,18
Saint-Vincent-Bragny,982,1000,18
Saint-Marcelin-de-Cray,182,200,18
Buxy,2182,2200,18
Poncé-sur-le-Loir,382,400,18
Champrond,82,100,18
Saint-Germain-d'Arcé,382,400,18
Dehault,282,300,18
Villaines-sous-Lucé,682,700,18
Mâcot-la-Plagne,1782,1800,18
Le Noyer,182,200,18
Arbin,782,800,18
Saint-Pierre-d'Alvey,282,300,18
Coise-Saint-Jean-Pied-Gauthier,1182,1200,18
Ectot-l'Auber,582,600,18
Gerponville,382,400,18
Envermeu,2082,2100,18
Fontaine-le-Dun,882,900,18
Oudalle,382,400,18
Fongueusemare,182,200,18
Saint-Germain-sous-Doue,482,500,18
Mons-en-Montois,482,500,18
Dormelles,882,900,18
Garancières,2382,2400,18
Osmoy,382,400,18
Frontenay-Rohan-Rohan,2982,3000,18
Le Chillou,182,200,18
Saint-Romans-lès-Melle,682,700,18
Sciecq,582,600,18
Pertain,382,400,18
Tertry,182,200,18
Estrées-lès-Crécy,382,400,18
Éplessier,382,400,18
Frise,182,200,18
Longueval,282,300,18
Oneux,382,400,18
Lawarde-Mauger-l'Hortoy,182,200,18
Pratviel,82,100,18
Courris,82,100,18
Arfons,182,200,18
Lizac,482,500,18
Aurel,182,200,18
Leigné-les-Bois,582,600,18
Saint-Léomer,182,200,18
Saint-Méard,382,400,18
Crainvilliers,182,200,18
Hagnéville-et-Roncourt,82,100,18
Dombrot-le-Sec,382,400,18
Liézey,282,300,18
Ortoncourt,82,100,18
Gironcourt-sur-Vraine,982,1000,18
Le Clerjus,582,600,18
Dompierre,282,300,18
Moutiers-en-Puisaye,282,300,18
Vermenton,1182,1200,18
Souzy-la-Briche,382,400,18
Argiusta-Moriccio,82,100,18
Aullène,182,200,18
Moïta,82,100,18
Isolaccio-di-Fiumorbo,382,400,18
Belgodère,482,500,18
Villeneuve,1383,1400,17
Lescheroux,683,700,17
Annois,383,400,17
Hirson,9383,9400,17
Torcy-en-Valois,83,100,17
Presles-et-Thierny,383,400,17
Vigneux-Hocquet,283,300,17
Bois-lès-Pargny,183,200,17
Lesges,83,100,17
La Neuville-Bosmont,183,200,17
Trefcon,83,100,17
Bizeneuille,283,300,17
Forest-Saint-Julien,283,300,17
Serres,1283,1300,17
Saint-Martin-d'Entraunes,83,100,17
Fabras,383,400,17
Cornay,83,100,17
Villy,183,200,17
Dricourt,83,100,17
Rumigny,383,400,17
Cauroy,183,200,17
Illartein,83,100,17
Régat,83,100,17
Maizières-lès-Brienne,183,200,17
Fontette,183,200,17
La Loge-aux-Chèvres,83,100,17
Perthes-lès-Brienne,83,100,17
Voigny,183,200,17
Courtaoult,83,100,17
Joncreuil,83,100,17
Artigues,83,100,17
Lagrasse,583,600,17
Peyrolles,83,100,17
Villemagne,283,300,17
Asprières,683,700,17
Campouriez,383,400,17
Saint-Loup-de-Fribois,183,200,17
Benerville-sur-Mer,483,500,17
Clarbec,383,400,17
Saint-Martin-de-Mailloc,883,900,17
Potigny,1783,1800,17
Danestal,283,300,17
Montfiquet,83,100,17
Champ-du-Boult,383,400,17
Murat,1983,2000,17
Saint-Georges,1083,1100,17
Saint-Marc,83,100,17
Calvinet,483,500,17
Saint-Amant,683,700,17
Saint-Genis-d'Hiersac,883,900,17
Sigogne,983,1000,17
Saint-Quentin-de-Chalais,283,300,17
Chavannes,183,200,17
La Celette,183,200,17
Neuilly-en-Dun,283,300,17
Saint-Hilaire-de-Gondilly,183,200,17
Préveranges,583,600,17
Le Jardin,83,100,17
Épernay-sous-Gevrey,183,200,17
Époisses,783,800,17
Diancey,83,100,17
Recey-sur-Ource,383,400,17
Cohiniac,383,400,17
Boussac-Bourg,783,800,17
Lizières,283,300,17
Rimondeix,83,100,17
Lafat,383,400,17
La Villeneuve,83,100,17
Saint-Romain-de-Monpazier,83,100,17
Faux,583,600,17
Saint-Méard-de-Gurçon,783,800,17
Issac,383,400,17
La Chapelle-Aubareil,483,500,17
Vergt-de-Biron,183,200,17
Bournois,183,200,17
Samson,83,100,17
Moncey,483,500,17
Manas,183,200,17
Cléon-d'Andran,883,900,17
Foucrainville,83,100,17
Hardencourt-Cocherel,283,300,17
La Loupe,3483,3500,17
Houville-la-Branche,483,500,17
Bailleau-l'Évêque,1183,1200,17
Ploudaniel,3683,3700,17
Saint-Michel-d'Euzet,583,600,17
Chusclan,983,1000,17
Mauvezin,83,100,17
Bagiry,83,100,17
Roquefort-sur-Garonne,783,800,17
Bax,83,100,17
Mascarville,183,200,17
Boissède,83,100,17
Sainte-Livrade,283,300,17
Sadeillan,83,100,17
Tournecoupe,283,300,17
Casseuil,383,400,17
Fours,283,300,17
Fossès-et-Baleyssac,183,200,17
Eynesse,583,600,17
Beychac-et-Caillau,1983,2000,17
Guillac,183,200,17
Saint-Aubin-de-Blaye,783,800,17
Olonzac,1683,1700,17
Veuil,383,400,17
Bouges-le-Château,283,300,17
Saulnay,183,200,17
Chavin,283,300,17
Cangey,1083,1100,17
Allevard,3783,3800,17
Vénérieu,583,600,17
Grusse,183,200,17
Château-des-Prés,183,200,17
Grozon,483,500,17
La Vieille-Loye,383,400,17
Publy,283,300,17
Rye,183,200,17
Saint-Marcel-d'Urfé,283,300,17
Chambéon,483,500,17
Jeansagnière,83,100,17
Cherier,483,500,17
Saint-Hilaire,183,200,17
Félines,283,300,17
Ouzouer-sous-Bellegarde,283,300,17
Rozières-en-Beauce,183,200,17
Saint-Michel-Loubéjou,383,400,17
Lauresses,283,300,17
Marminiac,383,400,17
Frayssinet-le-Gélat,383,400,17
Gaujac,283,300,17
Cuq,283,300,17
Auradou,383,400,17
Saint-Pardoux-Isaac,1183,1200,17
Le Pompidou,183,200,17
Grandvals,83,100,17
Rou-Marson,683,700,17
Le Plessis-Grammoire,2283,2300,17
Fervaches,383,400,17
Le Petit-Celland,183,200,17
Troisgots,283,300,17
Giéville,683,700,17
Vauville,383,400,17
Barneville-Carteret,2283,2300,17
Urville-Nacqueville,2183,2200,17
Saint-Étienne-sur-Suippe,283,300,17
Trécon,83,100,17
Essarts-lès-Sézanne,283,300,17
Coupetz,83,100,17
Courgivaux,283,300,17
Sarrey,383,400,17
Changey,283,300,17
Maâtz,83,100,17
Carelles,283,300,17
Flin,383,400,17
Tramont-Lassus,83,100,17
Mandres-aux-Quatre-Tours,183,200,17
Rozelieures,183,200,17
Frôlois,683,700,17
Chauvoncourt,483,500,17
Beauclair,83,100,17
Burey-la-Côte,83,100,17
Crach,3283,3300,17
Bourgaltroff,283,300,17
Saint-Quirin,783,800,17
Merschweiller,183,200,17
Saint-Louis,683,700,17
Brouck,83,100,17
Moncourt,83,100,17
Achain,83,100,17
Bannay,83,100,17
Freistroff,1083,1100,17
Pougny,483,500,17
Mars-sur-Allier,283,300,17
Myennes,583,600,17
Arnèke,1583,1600,17
Frelinghien,2483,2500,17
Nivelle,1283,1300,17
Millam,783,800,17
Ghissignies,483,500,17
Hargnies,583,600,17
Le Plessier-sur-Saint-Just,483,500,17
Balagny-sur-Thérain,1383,1400,17
Golancourt,383,400,17
Russy-Bémont,183,200,17
Avilly-Saint-Léonard,983,1000,17
Bulles,883,900,17
Caisnes,483,500,17
Angivillers,183,200,17
Morlincourt,483,500,17
Maucourt,283,300,17
Béthisy-Saint-Martin,1083,1100,17
Pacé,383,400,17
Macé,483,500,17
Origny-le-Roux,283,300,17
Champeaux-sur-Sarthe,183,200,17
Touquettes,83,100,17
Gauchin-Verloingt,883,900,17
Riencourt-lès-Cagnicourt,283,300,17
Drocourt,2983,3000,17
Neuville-au-Cornet,83,100,17
Clenleu,183,200,17
Maresville,83,100,17
Pihen-lès-Guînes,483,500,17
Bailleul-lès-Pernes,383,400,17
Houlle,983,1000,17
Beaurains,5083,5100,17
Tallende,1583,1600,17
Brenat,583,600,17
Saint-Genès-la-Tourette,183,200,17
Herment,283,300,17
Aste-Béon,283,300,17
Puyoô,1183,1200,17
Lamayou,183,200,17
Ainhoa,683,700,17
Laruns,1283,1300,17
Lecumberry,183,200,17
Aramits,683,700,17
Sus,383,400,17
L'Hôpital-Saint-Blaise,83,100,17
Bonnemazon,83,100,17
Cheust,83,100,17
Sanous,83,100,17
La Bastide,83,100,17
L'Albère,83,100,17
Nordheim,783,800,17
Bietlenheim,283,300,17
Blaesheim,1283,1300,17
Steinsoultz,783,800,17
Montreux-Vieux,883,900,17
Baltzenheim,583,600,17
Cugney,183,200,17
Palante,183,200,17
Bougey,83,100,17
Fretigney-et-Velloreille,683,700,17
Tincey-et-Pontrebeau,83,100,17
Tancon,583,600,17
Saint-Maurice-lès-Châteauneuf,583,600,17
Longepierre,183,200,17
Ballore,83,100,17
Sainte-Cécile,283,300,17
Saint-Gervais-de-Vic,383,400,17
Chérancé,383,400,17
Montfort-le-Gesnois,3083,3100,17
Assé-le-Riboul,483,500,17
Louvigny,183,200,17
Mansigné,1583,1600,17
Conjux,183,200,17
Francin,883,900,17
Ville-en-Sallaz,683,700,17
Richemont,483,500,17
Beuzeville-la-Guérard,183,200,17
Vieux-Manoir,683,700,17
Bornambusc,283,300,17
La Vaupalière,983,1000,17
Bois-l'Évêque,483,500,17
Saint-Pierre-le-Viger,283,300,17
Le Pin,1183,1200,17
May-en-Multien,883,900,17
Ensigné,283,300,17
Saint-Maixent-l'École,7483,7500,17
Sepvret,583,600,17
Brûlain,683,700,17
Bourdon,383,400,17
Senlis-le-Sec,283,300,17
Neuville-Coppegueule,583,600,17
Sourdon,283,300,17
Bayencourt,83,100,17
Riencourt,183,200,17
Boisbergues,83,100,17
Prouzel,483,500,17
Billancourt,183,200,17
Sérénac,483,500,17
Labastide-de-Lévis,983,1000,17
Labarthe-Bleys,83,100,17
Saint-Michel-Labadié,83,100,17
Claviers,583,600,17
La Martre,183,200,17
La Puye,583,600,17
Coulombiers,1083,1100,17
Massognes,283,300,17
Peyrat-le-Château,983,1000,17
Marainville-sur-Madon,83,100,17
Saint-Maurice-sur-Mortagne,183,200,17
Housseras,483,500,17
Saint-Léonard,1383,1400,17
Hadigny-les-Verrières,383,400,17
Saint-Moré,183,200,17
Héry,1883,1900,17
Baon,83,100,17
Abbéville-la-Rivière,283,300,17
Murzo,83,100,17
Cognocoli-Monticchi,183,200,17
Morosaglia,1083,1100,17
Campile,183,200,17
Frans,1984,2000,16
Servas,1184,1200,16
L'Abergement-Clémenciat,784,800,16
Salavre,284,300,16
Artonges,184,200,16
Romery,84,100,16
Gizy,684,700,16
Becquigny,284,300,16
Fontaine-Notre-Dame,384,400,16
Attilly,384,400,16
Foreste,184,200,16
Sissy,484,500,16
Paars,284,300,16
Missy-sur-Aisne,684,700,16
Ribemont,1984,2000,16
Montescourt-Lizerolles,1684,1700,16
Cuiry-lès-Chaudardes,84,100,16
Sainte-Preuve,84,100,16
Marfontaine,84,100,16
Buire,884,900,16
Saint-Aubin-le-Monial,284,300,16
Simiane-la-Rotonde,584,600,16
Lettret,184,200,16
Gorbio,1284,1300,16
Marie,84,100,16
Saint-Félicien,1184,1200,16
Pailharès,284,300,16
Lachamp-Raphaël,84,100,16
Vaux-lès-Mouzon,84,100,16
Mont-Saint-Martin,84,100,16
Neuville-lès-This,384,400,16
Quilly,84,100,16
Jonval,84,100,16
Vaux-lès-Mouron,84,100,16
Garde,184,200,16
Capoulet-et-Junac,184,200,16
Montaut,684,700,16
Rimont,584,600,16
Villy-en-Trodes,284,300,16
Saulcy,84,100,16
Chervey,184,200,16
La Digne-d'Amont,284,300,16
Malves-en-Minervois,784,800,16
Durban-Corbières,684,700,16
Rieupeyroux,2084,2100,16
Mounes-Prohencoux,184,200,16
Pruines,284,300,16
La Barben,684,700,16
Vieux-Bourg,84,100,16
Caumont-sur-Orne,84,100,16
Sassy,184,200,16
Magny-la-Campagne,584,600,16
Lison,484,500,16
Hottot-les-Bagues,484,500,16
Roffiac,584,600,16
Ussel,484,500,16
Rancogne,384,400,16
Anais,584,600,16
L'Isle-d'Espagnac,5284,5300,16
La Jarrie-Audouin,284,300,16
Landes,584,600,16
Nieul-le-Virouil,584,600,16
Semoussac,284,300,16
La Chapelotte,184,200,16
Verdigny,284,300,16
Azy,484,500,16
Venesmes,884,900,16
Plou,484,500,16
Saillac,184,200,16
Riel-les-Eaux,84,100,16
Levernois,284,300,16
Fauverney,684,700,16
Châteauneuf,84,100,16
Meilly-sur-Rouvres,184,200,16
Vandenesse-en-Auxois,284,300,16
Saussey,84,100,16
Trémeur,684,700,16
Plédéliac,1284,1300,16
Saint-Pierre-Chérignat,184,200,16
Saint-Silvain-Montaigut,184,200,16
Thauron,184,200,16
Méasnes,584,600,16
Saint-Marien,184,200,16
Cherval,284,300,16
Châtres,184,200,16
Soudat,84,100,16
Grignols,584,600,16
Ferrières-le-Lac,184,200,16
Cusance,84,100,16
Myon,184,200,16
Échevannes,84,100,16
Grandfontaine-sur-Creuse,84,100,16
Rantechaux,184,200,16
Vesc,284,300,16
Montclar-sur-Gervanne,184,200,16
Condorcet,484,500,16
Neaufles-Saint-Martin,1184,1200,16
Theillement,384,400,16
Routot,1384,1400,16
Appeville-Annebault,884,900,16
Thibouville,284,300,16
Bretagnolles,184,200,16
Épreville-en-Roumois,384,400,16
Maillebois,984,1000,16
Coudray-au-Perche,384,400,16
Kerlouan,2284,2300,16
Santec,2284,2300,16
Saint-Jean-du-Gard,2684,2700,16
Peyremale,284,300,16
Dions,584,600,16
Le Pin-Murelet,184,200,16
Cazac,84,100,16
Escoulis,84,100,16
Auzielle,1284,1300,16
Mourède,84,100,16
Sainte-Radegonde,184,200,16
Goux,84,100,16
Saint-Orens,84,100,16
Saint-Émilion,1984,2000,16
Saint-Christoly-Médoc,284,300,16
Civrac-en-Médoc,584,600,16
Madirac,184,200,16
Pardailhan,184,200,16
Cazevieille,184,200,16
Gaël,1584,1600,16
Cuguen,784,800,16
Saint-Chartier,584,600,16
Fontenay,84,100,16
Vineuil,1184,1200,16
Brèches,284,300,16
Montseveroux,884,900,16
Saint-Pierre-de-Bressieux,684,700,16
Saint-Laurent-du-Pont,4484,4500,16
Montmirey-la-Ville,184,200,16
Augisey,184,200,16
Serre-les-Moulières,184,200,16
Foulenay,84,100,16
Septmoncel,684,700,16
Vaudrey,384,400,16
Ivory,84,100,16
Esserval-Tartre,84,100,16
Moirans-en-Montagne,2284,2300,16
Chisséria,84,100,16
Estigarde,84,100,16
Messanges,984,1000,16
Le Plessis-Dorin,184,200,16
Mennetou-sur-Cher,884,900,16
Seillac,84,100,16
Saint-Barthélemy-Lestra,684,700,16
Croizet-sur-Gand,284,300,16
Saint-Vincent-de-Boisset,884,900,16
Saint-Romain-d'Urfé,284,300,16
Saint-Jean-de-Nay,384,400,16
Barbechat,1284,1300,16
Assier,684,700,16
Saint-Flour-de-Mercoire,184,200,16
La Fage-Saint-Julien,284,300,16
Serverette,284,300,16
Armaillé,284,300,16
Sainte-Christine,784,800,16
Chaulieu,284,300,16
Saint-Georges-d'Elle,384,400,16
Muneville-le-Bingard,684,700,16
Le Teilleul,1284,1300,16
Fèrebrianges,184,200,16
Saint-Martin-d'Ablois,1484,1500,16
Coizard-Joches,84,100,16
Givry-lès-Loisy,84,100,16
Somsois,184,200,16
Saint-Broingt-le-Bois,84,100,16
Perrancey-les-Vieux-Moulins,284,300,16
Violot,84,100,16
Bize,84,100,16
Vitry-lès-Nogent,184,200,16
Guindrecourt-aux-Ormes,84,100,16
Grandchamp,84,100,16
Daon,484,500,16
Saint-Berthevin-la-Tannière,384,400,16
Gennes-sur-Glaize,984,1000,16
Vautorte,584,600,16
Saint-Calais-du-Désert,384,400,16
Boucq,384,400,16
Saulxures-lès-Nancy,3884,3900,16
Jeandelaincourt,784,800,16
Béchamps,84,100,16
Crion,84,100,16
Chaudeney-sur-Moselle,684,700,16
Saulxerotte,84,100,16
Lamath,184,200,16
Vassincourt,284,300,16
Rouvrois-sur-Meuse,184,200,16
Lamorville,284,300,16
Laheycourt,384,400,16
Nant-le-Petit,84,100,16
Gourin,4084,4100,16
Plouay,5284,5300,16
Marthille,184,200,16
Baudrecourt,184,200,16
Coume,684,700,16
Villers-sur-Nied,84,100,16
Fresnes-en-Saulnois,184,200,16
Guinkirchen,184,200,16
Anlezy,284,300,16
La Fermeté,684,700,16
Raveau,684,700,16
Émerchicourt,884,900,16
Roberval,384,400,16
Canly,784,800,16
Hardivillers,584,600,16
Orrouy,584,600,16
Villeneuve-sur-Verberie,684,700,16
Houdancourt,584,600,16
Silly-Tillard,484,500,16
Baron,784,800,16
Lacroix-Saint-Ouen,4484,4500,16
Fresnoy-le-Luat,484,500,16
Autheuil-en-Valois,284,300,16
La Chapelle-Viel,284,300,16
Acquin-Westbécourt,684,700,16
Campigneulles-les-Petites,584,600,16
Ransart,384,400,16
Remy,284,300,16
Vaulx,84,100,16
Frévent,3784,3800,16
Sailly-au-Bois,284,300,16
Caumont,184,200,16
Noyellette,184,200,16
Blendecques,5184,5200,16
Sayat,2184,2200,16
La Celle,84,100,16
Tralaigues,84,100,16
Saint-Pierre-le-Chastel,384,400,16
La Moutade,484,500,16
Bidache,1284,1300,16
Lucgarier,284,300,16
Caro,184,200,16
Poey-d'Oloron,184,200,16
Saint-Jean-Poudge,84,100,16
Saint-Vincent,384,400,16
Alos-Sibas-Abense,284,300,16
Higuères-Souye,284,300,16
Artiguemy,84,100,16
Capvern,1284,1300,16
Uglas,284,300,16
Buzon,84,100,16
Réjaumont,184,200,16
Astugue,284,300,16
Bourréac,84,100,16
Tarasteix,284,300,16
Izaux,184,200,16
Loudenvielle,284,300,16
Olette,384,400,16
Rosteig,584,600,16
Littenheim,284,300,16
Melsheim,584,600,16
Wettolsheim,1684,1700,16
Ville-sur-Jarnioux,784,800,16
Riverie,284,300,16
Chambost-Allières,784,800,16
La Villedieu-en-Fontenette,184,200,16
La Grande-Résie,84,100,16
Saint-Privé,84,100,16
Oudry,384,400,16
Suin,284,300,16
Montbellet,784,800,16
La Chapelle-sous-Uchon,184,200,16
La Clayette,1884,1900,16
Maltat,284,300,16
Nouans,284,300,16
Thorée-les-Pins,684,700,16
Chantenay-Villedieu,884,900,16
Saint-Maixent,784,800,16
Sceaux-sur-Huisne,584,600,16
Juigné-sur-Sarthe,1184,1200,16
Gréez-sur-Roc,384,400,16
Beaufort,2184,2200,16
Jarsy,284,300,16
Feissons-sur-Isère,584,600,16
Duingt,884,900,16
Foucarmont,984,1000,16
Saint-Crespin,284,300,16
Sainte-Geneviève,284,300,16
Gonfreville-l'Orcher,9084,9100,16
Pierrecourt,484,500,16
Sancy,384,400,16
Saint-Fiacre,384,400,16
Saint-Léger-en-Yvelines,1484,1500,16
Saint-Rémy-l'Honoré,1384,1400,16
Bougon,184,200,16
Balâtre,84,100,16
Lihons,384,400,16
Tincourt-Boucly,384,400,16
Montigny-les-Jongleurs,84,100,16
Domléger-Longvillers,284,300,16
Saint-Léger-sur-Bresle,84,100,16
Le Titre,384,400,16
Terramesnil,284,300,16
Quesnoy-le-Montant,584,600,16
Donnazac,84,100,16
Andouque,384,400,16
Mirandol-Bourgnounac,1084,1100,16
Teulat,484,500,16
Lacapelle-Livron,184,200,16
Moissac-Bellevue,284,300,16
Brantes,84,100,16
Gizay,384,400,16
Luchapt,284,300,16
Moussac,484,500,16
La Grimaudière,384,400,16
Plaisance,184,200,16
Marval,584,600,16
La Croix-sur-Gartempe,184,200,16
Pensol,184,200,16
Jubainville,84,100,16
Moyenmoutier,3284,3300,16
Isches,184,200,16
Tranqueville-Graux,84,100,16
Basse-sur-le-Rupt,884,900,16
Pleuvezain,84,100,16
Liffol-le-Grand,2384,2400,16
Belmont-sur-Buttant,284,300,16
Dignonville,184,200,16
Étais-la-Sauvin,684,700,16
Lignorelles,184,200,16
Saint-André-en-Terre-Plaine,184,200,16
Anjoutey,684,700,16
Janvry,584,600,16
Pastricciola,84,100,16
Campo,84,100,16
Santa-Reparata-di-Balagna,984,1000,16
Croce,84,100,16
Villes,385,400,15
La Neuville-lès-Dorengt,385,400,15
Nampteuil-sous-Muret,85,100,15
Bucy-lès-Cerny,185,200,15
Trélou-sur-Marne,985,1000,15
Grougis,385,400,15
Mont-Saint-Martin,85,100,15
Chivres-Val,585,600,15
Autremencourt,185,200,15
Pont-Saint-Mard,185,200,15
Longueval-Barbonval,485,500,15
Beaune-d'Allier,285,300,15
Monétay-sur-Loire,285,300,15
Villeneuve-sur-Allier,985,1000,15
Ronnet,185,200,15
La Petite-Marche,185,200,15
Salérans,85,100,15
Villeneuve-d'Entraunes,85,100,15
Saint-André-de-Cruzières,485,500,15
Rochepaule,285,300,15
Toulaud,1685,1700,15
La Férée,85,100,15
Lalobbe,185,200,15
Ardeuil-et-Montfauxelles,85,100,15
Alleux,85,100,15
Auflance,85,100,15
Dun,585,600,15
Mérens-les-Vals,185,200,15
Fontaine,285,300,15
Crésantignes,285,300,15
Courteranges,585,600,15
Labastide-Esparbairenque,85,100,15
Berriac,885,900,15
Ambeyrac,185,200,15
Saint-Paul-lès-Durance,985,1000,15
Amfreville,1185,1200,15
Bons-Tassilly,385,400,15
Mesnil-Clinchamps,985,1000,15
Cricqueville-en-Auge,185,200,15
Saint-Ouen-le-Pin,285,300,15
Saint-Germain-de-Livet,785,800,15
Saint-Étienne-de-Maurs,785,800,15
Roussines,285,300,15
Juillé,185,200,15
Dampierre-sur-Boutonne,285,300,15
Port-des-Barques,1885,1900,15
Lignières,1485,1500,15
Dampniat,685,700,15
Aix,385,400,15
Salives,285,300,15
Montliot-et-Courcelles,285,300,15
Beaumont-sur-Vingeanne,185,200,15
Meursanges,485,500,15
Chaumont-le-Bois,85,100,15
Illifaut,685,700,15
Sardent,785,800,15
Saint-Cybranet,385,400,15
Saint-Martial-d'Albarède,485,500,15
Quinsac,385,400,15
Saint-Martin-de-Fressengeas,385,400,15
Beaussac,185,200,15
Saint-Pardoux-la-Rivière,1185,1200,15
Villamblard,885,900,15
Biron,185,200,15
Bretigney,85,100,15
Mancenans-Lizerne,185,200,15
Cornillac,85,100,15
Beaurières,85,100,15
Vesly,685,700,15
Saint-Sulpice-de-Grimbouville,185,200,15
Louversey,585,600,15
Le Mesnil-Fuguet,185,200,15
La Chapelle-Hareng,85,100,15
Voise,285,300,15
La Chapelle-Fortin,185,200,15
Écrosnes,785,800,15
Berchères-les-Pierres,985,1000,15
Ermenonville-la-Petite,185,200,15
Plouguin,2085,2100,15
Plouezoc'h,1585,1600,15
Esténos,185,200,15
Laffite-Toupière,85,100,15
Beauteville,185,200,15
Monguilhem,285,300,15
Gazax-et-Baccarisse,85,100,15
Mirande,3685,3700,15
Ayguetinte,185,200,15
Troncens,185,200,15
Arblade-le-Haut,285,300,15
Valence-sur-Baïse,1185,1200,15
Gazaupouy,285,300,15
Saint-Brès,85,100,15
Saint-Antoine-du-Queyret,85,100,15
Gornac,385,400,15
Saint-Ciers-sur-Gironde,3085,3100,15
Margueron,385,400,15
Saint-Loubert,185,200,15
Braud-et-Saint-Louis,1385,1400,15
Carbon-Blanc,6885,6900,15
Arbis,285,300,15
Saint-Hilaire-du-Bois,85,100,15
Saint-Vivien-de-Monségur,385,400,15
Saint-Sulpice-de-Faleyrens,1485,1500,15
Montferrier-sur-Lez,3385,3400,15
Oupia,285,300,15
Neuillay-les-Bois,685,700,15
Dolus-le-Sec,685,700,15
Faverges-de-la-Tour,1285,1300,15
Brangues,585,600,15
Vatilieu,385,400,15
La Frette,1085,1100,15
Augea,285,300,15
Orgelet,1685,1700,15
Villeneuve-lès-Charnod,85,100,15
Molamboz,85,100,15
Le Chateley,85,100,15
Nanc-lès-Saint-Amour,285,300,15
Tassenières,385,400,15
Valfin-sur-Valouse,85,100,15
Denezières,85,100,15
Villeneuve-d'Aval,85,100,15
Ounans,385,400,15
Mournans-Charbonny,85,100,15
Argelos,185,200,15
Sindères,185,200,15
Pimbo,185,200,15
Saint-Rimay,285,300,15
Fontaine-les-Coteaux,385,400,15
Saint-Thomas-la-Garde,585,600,15
Boisset,285,300,15
Ferrussac,85,100,15
Aiguilhe,1585,1600,15
Saint-Jean-Lachalm,285,300,15
Collat,85,100,15
Fercé,485,500,15
La Montagne,5985,6000,15
Courcelles,285,300,15
Juranville,485,500,15
Beaulieu-sur-Loire,1785,1800,15
Montredon,285,300,15
Lacave,285,300,15
Sainte-Croix,85,100,15
Espagnac-Sainte-Eulalie,85,100,15
Lavardac,2285,2300,15
Monviel,85,100,15
Cauzac,385,400,15
Anzex,285,300,15
Masquières,185,200,15
Taillebourg,85,100,15
Saint-Georges-sur-Layon,785,800,15
Antoigné,485,500,15
Moitiers-d'Allonne,685,700,15
Flottemanville-Hague,885,900,15
Saint-Pierre-Église,1785,1800,15
Bretteville-sur-Ay,385,400,15
Le Vrétot,585,600,15
Lingeard,85,100,15
Corrobert,185,200,15
Binson-et-Orquigny,185,200,15
Escardes,85,100,15
Marson,285,300,15
Virginy,85,100,15
Is-en-Bassigny,585,600,15
Pansey,85,100,15
Brethenay,385,400,15
Nogent,3985,4000,15
Poulangy,385,400,15
Ninville,85,100,15
Saint-Ouën-des-Toits,1685,1700,15
Chailland,1185,1200,15
Pannes,185,200,15
Jarville-la-Malgrange,9385,9400,15
Lesménils,485,500,15
Bonviller,185,200,15
Silmont,185,200,15
Aincreville,85,100,15
Neulliac,1485,1500,15
Mohon,985,1000,15
Ippling,785,800,15
Lixheim,585,600,15
Jussy,485,500,15
Lommerange,285,300,15
Kédange-sur-Canner,1085,1100,15
Guntzviller,385,400,15
Contz-les-Bains,485,500,15
Saint-Léger-de-Fougeret,285,300,15
Montigny-en-Cambrésis,585,600,15
Sequedin,4385,4400,15
Saint-Jean-aux-Bois,285,300,15
Lhéraule,185,200,15
Belle-Église,585,600,15
Le Crocq,185,200,15
Guignecourt,385,400,15
Thury-sous-Clermont,685,700,15
Louvières-en-Auge,85,100,15
Boiry-Sainte-Rictrude,385,400,15
Manin,185,200,15
Cavron-Saint-Martin,485,500,15
Teneur,285,300,15
Monchel-sur-Canche,85,100,15
Vaudringhem,485,500,15
Chalus,185,200,15
Athos-Aspis,185,200,15
Castillon,85,100,15
Lalanne,85,100,15
Sarriac-Bigorre,285,300,15
Ozon,285,300,15
Lafitole,485,500,15
Frohmuhl,185,200,15
Asswiller,285,300,15
Schaffhouse-sur-Zorn,385,400,15
Schwindratzheim,1585,1600,15
Stundwiller,485,500,15
Goldbach-Altenbach,285,300,15
Osenbach,885,900,15
Saint-Cosme,85,100,15
Montmelas-Saint-Sorlin,385,400,15
Vellemoz,85,100,15
Étrelles-et-la-Montbleuse,85,100,15
La Lanterne-et-les-Armonts,185,200,15
Lambrey,85,100,15
Thiénans,85,100,15
Valay,685,700,15
Senargent-Mignafans,285,300,15
Chemilly,85,100,15
Champtonnay,85,100,15
Coublanc,885,900,15
Ratte,385,400,15
Couches,1485,1500,15
La Comelle,185,200,15
Allerey-sur-Saône,785,800,15
Toutenant,185,200,15
Loisy,585,600,15
La Milesse,2385,2400,15
Trangé,1385,1400,15
Melleray,485,500,15
Montaillé,585,600,15
Montabon,785,800,15
La Thuile,285,300,15
Loisieux,185,200,15
La Table,385,400,15
Marcieux,185,200,15
Alex,985,1000,15
Thollon-les-Mémises,685,700,15
Haussez,285,300,15
Louvetot,685,700,15
Sahurs,1285,1300,15
Morville-sur-Andelle,285,300,15
Hodeng-au-Bosc,585,600,15
Bénesville,185,200,15
Auquemesnil,285,300,15
Bully,885,900,15
Belleville-sur-Mer,785,800,15
Saint-Sylvain,185,200,15
Amponville,385,400,15
Baby,85,100,15
Guercheville,285,300,15
Champagne-sur-Seine,6485,6500,15
Coutençon,285,300,15
Fourqueux,4085,4100,15
Rosay,385,400,15
Villennes-sur-Seine,5085,5100,15
Chenay,485,500,15
Maisontiers,185,200,15
Saint-Jouin-de-Marnes,585,600,15
Thorigny-sur-le-Mignon,85,100,15
Y,85,100,15
Soyécourt,185,200,15
Chaussoy-Epagny,585,600,15
Rancourt,185,200,15
Foucaucourt-en-Santerre,285,300,15
Cannessières,85,100,15
Bouchoir,285,300,15
Longavesnes,85,100,15
Gauville,385,400,15
Nurlu,385,400,15
Bertangles,585,600,15
Le Vintrou,85,100,15
Gimat,185,200,15
Montesquieu,785,800,15
Saint-Macoux,485,500,15
Angles-sur-l'Anglin,385,400,15
Mazerolles,785,800,15
Champigny-le-Sec,1085,1100,15
Blanzac,485,500,15
Château-Chervix,785,800,15
Brû,585,600,15
Dolaincourt,85,100,15
Gelvécourt-et-Adompt,85,100,15
Rozières-sur-Mouzon,85,100,15
Villouxel,85,100,15
Cry,185,200,15
Molesmes,185,200,15
Yrouerre,185,200,15
Ancy-le-Libre,185,200,15
Précy-le-Sec,285,300,15
Cunelières,285,300,15
Lepuix-Neuf,285,300,15
La Ferté-Alais,3985,4000,15
Vauhallan,1985,2000,15
Bourg-la-Reine,19985,20000,15
Bocognano,485,500,15
Sant'Andréa-di-Bozio,85,100,15
Speloncato,285,300,15
San-Gavino-d'Ampugnani,85,100,15
Blyes,886,900,14
Rozet-Saint-Albin,286,300,14
Villers-sur-Fère,486,500,14
Villeneuve-sur-Fère,286,300,14
Cuffies,1686,1700,14
Pontru,286,300,14
Mont-Saint-Père,686,700,14
Bellenglise,386,400,14
Rogécourt,86,100,14
Buzancy,186,200,14
Barzy-sur-Marne,386,400,14
Andelain,186,200,14
Coupru,186,200,14
Durdat-Larequille,1286,1300,14
Charroux,386,400,14
Veynes,3186,3200,14
Saint-Martin-de-Queyrières,1086,1100,14
Saint-Paul-de-Vence,3486,3500,14
Toudon,286,300,14
Vanosc,886,900,14
Champis,586,600,14
Vernoux-en-Vivarais,1886,1900,14
Dornas,286,300,14
Glun,686,700,14
Lachapelle-sous-Chanéac,186,200,14
Givron,86,100,14
Omont,86,100,14
Charnois,86,100,14
Monthois,386,400,14
Pont-Sainte-Marie,4786,4800,14
Ramerupt,386,400,14
Montjaux,386,400,14
Buzeins,186,200,14
Englesqueville-la-Percée,86,100,14
Campigny,186,200,14
Glos,886,900,14
Blangy-le-Château,686,700,14
Acqueville,186,200,14
Vassy,1786,1800,14
Charmensac,86,100,14
Auzers,186,200,14
Montboudif,186,200,14
Massignac,386,400,14
Taizé-Aizie,586,600,14
Hiersac,1086,1100,14
Chaunac,86,100,14
Loulay,786,800,14
Grossouvre,286,300,14
Venarsal,486,500,14
Saint-Victour,186,200,14
Bugeat,886,900,14
Poncey-sur-l'Ignon,86,100,14
Longchamp,1186,1200,14
Savouges,386,400,14
Chassey,86,100,14
Buncey,386,400,14
Asnières-en-Montagne,186,200,14
Pellerey,86,100,14
La Chapelle-Saint-Martial,86,100,14
Saint-Sulpice-les-Champs,386,400,14
Vitrac,886,900,14
Sainte-Alvère,886,900,14
Sainte-Orse,386,400,14
Monestier,386,400,14
Jayac,186,200,14
Marnac,186,200,14
Annesse-et-Beaulieu,1486,1500,14
Laire,386,400,14
Courtetain-et-Salans,86,100,14
Rillans,86,100,14
Trouvans,86,100,14
Rougemontot,86,100,14
Sainte-Euphémie-sur-Ouvèze,86,100,14
Pont-de-Barret,586,600,14
Lignerolles,286,300,14
Essarts,386,400,14
Armentières-sur-Avre,186,200,14
Saint-Denis-d'Augerons,86,100,14
Daubeuf-près-Vatteville,486,500,14
Pullay,386,400,14
Mialet,586,600,14
Mandagout,386,400,14
Lautignac,286,300,14
Martres-de-Rivière,386,400,14
Bellesserre,86,100,14
Tirent-Pontéjac,86,100,14
Saint-Puy,586,600,14
Goutz,186,200,14
Perchède,86,100,14
Beaucaire,286,300,14
Encausse,386,400,14
Arveyres,1886,1900,14
Saint-Laurent-du-Plan,86,100,14
Castelviel,186,200,14
Saint-Palais,486,500,14
Saint-Mathieu-de-Tréviers,4686,4700,14
Mernel,986,1000,14
Baudres,486,500,14
Cussay,586,600,14
Mouzay,486,500,14
Chanceaux-sur-Choisille,3586,3600,14
La Chapelle-de-Surieu,686,700,14
Royas,386,400,14
Morette,386,400,14
Balbins,386,400,14
Lézat,186,200,14
Sellières,786,800,14
Piards,186,200,14
Vincelles,386,400,14
Morganx,186,200,14
Sorbets,186,200,14
Thoré-la-Rochette,886,900,14
Pontlevoy,1586,1600,14
Villefrancœur,486,500,14
La Chapelle-Vicomtesse,186,200,14
Noës,186,200,14
Saint-Denis-sur-Coise,586,600,14
Bonneval,86,100,14
Meung-sur-Loire,6086,6100,14
Pierrefitte-ès-Bois,286,300,14
Glanes,286,300,14
Pomarède,186,200,14
Orniac,86,100,14
Sauveterre-la-Lémance,586,600,14
Bias,3186,3200,14
Saint-Laurent,486,500,14
Saint-Pierre-le-Vieux,286,300,14
Montbrun,86,100,14
La Chapelle-sur-Oudon,586,600,14
Linières-Bouton,86,100,14
La Tourlandry,1286,1300,14
Sainte-Gemmes-d'Andigné,1486,1500,14
Le Mesnil-Raoult,386,400,14
Quettehou,1586,1600,14
Anneville-en-Saire,386,400,14
Le Mesnilbus,286,300,14
Camprond,386,400,14
Courcy,1286,1300,14
Sivry-Ante,186,200,14
Champigneul-Champagne,286,300,14
Favresse,186,200,14
Le Buisson,86,100,14
Flagey,86,100,14
Loiron,1486,1500,14
Saint-Baudelle,1186,1200,14
Saint-Léger,286,300,14
Neuilly-le-Vendin,386,400,14
Moncel-sur-Seille,486,500,14
Landres,886,900,14
Épiez-sur-Chiers,186,200,14
Pulnoy,4486,4500,14
Errouville,786,800,14
Rembercourt-sur-Mad,186,200,14
Cerville,586,600,14
Chaligny,3086,3100,14
Vaxainville,86,100,14
Ansauville,86,100,14
Loupmont,86,100,14
Trésauvaux,86,100,14
Èvres,86,100,14
Montsec,86,100,14
Malancourt,86,100,14
Inguiniel,2086,2100,14
Languimberg,186,200,14
Chieulles,386,400,14
Malroy,386,400,14
Fraquelfing,86,100,14
Halstroff,286,300,14
Mont-et-Marré,186,200,14
Chougny,86,100,14
Châteauneuf-Val-de-Bargis,586,600,14
Bergues,3886,3900,14
Cerfontaine,586,600,14
Roeulx,3686,3700,14
Robersart,186,200,14
Pont-sur-Sambre,2586,2600,14
West-Cappel,586,600,14
Chepoix,386,400,14
Ferrières,486,500,14
Beaugies-sous-Bois,86,100,14
Jonquières,586,600,14
Belloy,86,100,14
Saint-Quentin-les-Chardonnets,286,300,14
Saint-Aubin-d'Appenai,386,400,14
Frémicourt,286,300,14
Ecquedecques,486,500,14
Marles-sur-Canche,286,300,14
Fiennes,886,900,14
Cisternes-la-Forêt,486,500,14
Condat-en-Combraille,486,500,14
Préchacq-Josbaig,286,300,14
Haut-de-Bosdarros,286,300,14
Ossas-Suhare,86,100,14
Caussade-Rivière,86,100,14
Sacoué,86,100,14
Bugard,86,100,14
Peyrouse,286,300,14
Bégole,186,200,14
Ayzac-Ost,386,400,14
Le Perthus,586,600,14
Théza,1386,1400,14
Krautwiller,186,200,14
Wahlenheim,386,400,14
Kindwiller,586,600,14
Reutenbourg,386,400,14
Altenach,386,400,14
Steinbach,1286,1300,14
Vieux-Thann,2886,2900,14
Merxheim,1286,1300,14
Geishouse,486,500,14
Vilory,86,100,14
Baignes,86,100,14
Écuelle,86,100,14
La Rosière,86,100,14
Beveuge,86,100,14
Vy-lès-Filain,86,100,14
Leynes,486,500,14
Châtel-Moron,86,100,14
Sainte-Croix,586,600,14
Montcony,286,300,14
Lesme,186,200,14
Le Puley,86,100,14
Courcival,86,100,14
Épineu-le-Chevreuil,286,300,14
Cormes,886,900,14
La Guierche,1086,1100,14
Villarodin-Bourget,486,500,14
Saint-Pancrace,286,300,14
Mésigny,686,700,14
Lintot-les-Bois,186,200,14
Bec-de-Mortagne,686,700,14
Touffreville-la-Cable,386,400,14
Noisy-Rudignon,586,600,14
Mauperthuis,486,500,14
Pézarches,386,400,14
Rouilly,486,500,14
Esmans,886,900,14
Aulnoy,386,400,14
Saint-Barthélemy,386,400,14
Fublaines,1186,1200,14
Évecquemont,786,800,14
Auffreville-Brasseuil,586,600,14
Boissy-sans-Avoir,586,600,14
Saint-Léger-de-la-Martinière,986,1000,14
Neuvy-Bouin,486,500,14
Chanteloup,986,1000,14
Sauvillers-Mongival,186,200,14
Coisy,286,300,14
Buigny-lès-Gamaches,386,400,14
Courcelles-au-Bois,86,100,14
Brutelles,186,200,14
Hyencourt-le-Grand,86,100,14
Le Quesne,286,300,14
Remiencourt,186,200,14
Belloy-Saint-Léonard,86,100,14
Milhavet,86,100,14
Castanet,186,200,14
Souel,186,200,14
Roquemaure,386,400,14
Uchaux,1386,1400,14
Vitrolles-en-Lubéron,186,200,14
Saint-Pantaléon,186,200,14
Martaizé,386,400,14
Saint-Victurnien,1686,1700,14
Saint-Junien-les-Combes,186,200,14
Grandrupt-de-Bains,86,100,14
Oëlleville,286,300,14
Saint-Baslemont,86,100,14
Autigny-la-Tour,186,200,14
Bayecourt,286,300,14
Circourt,86,100,14
Courcelles-sous-Châtenois,86,100,14
Girolles,186,200,14
Sermizelles,286,300,14
Chigy,286,300,14
Villiers-sur-Tholon,486,500,14
Danjoutin,3486,3500,14
Botans,286,300,14
Mauchamps,286,300,14
Corrano,86,100,14
Giuncheto,86,100,14
Poggio-di-Nazza,186,200,14
Urtaca,186,200,14
Monticello,1686,1700,14
Saint-Germain-les-Paroisses,387,400,13
Romans,587,600,13
Licy-Clignon,87,100,13
Azy-sur-Marne,387,400,13
Aizy-Jouy,287,300,13
Archon,87,100,13
Romeny-sur-Marne,487,500,13
Dommiers,287,300,13
Levergies,587,600,13
Autreppes,187,200,13
Retheuil,387,400,13
Fontaine-lès-Vervins,987,1000,13
Luneau,287,300,13
Mazerier,287,300,13
Noyant-d'Allier,687,700,13
Bézenet,987,1000,13
Mazirat,287,300,13
Créchy,487,500,13
Trézelles,387,400,13
Saint-Geniez,87,100,13
Corbières,987,1000,13
Villar-d'Arêne,287,300,13
La Croix-sur-Roudoule,87,100,13
Banne,687,700,13
Châteauneuf-de-Vernoux,187,200,13
Devesset,287,300,13
Saint-Joseph-des-Bancs,187,200,13
Regniowez,387,400,13
Quatre-Champs,187,200,13
Hargnies,487,500,13
La Francheville,1587,1600,13
Semuy,87,100,13
Pauvres,187,200,13
Jandun,287,300,13
Serres-sur-Arget,787,800,13
Saint-Usage,87,100,13
Arrelles,87,100,13
Praslin,87,100,13
Vallant-Saint-Georges,387,400,13
Celles-sur-Ource,487,500,13
Peyriac-Minervois,1087,1100,13
Rieux-en-Val,87,100,13
Lauraguel,587,600,13
Greffeil,87,100,13
Gabriac,487,500,13
Millau,21887,21900,13
Almont-les-Junies,487,500,13
Auberville,487,500,13
Castilly,287,300,13
Sainte-Honorine-des-Pertes,587,600,13
Cambes-en-Plaine,1387,1400,13
Arromanches-les-Bains,587,600,13
Saint-Urcize,487,500,13
Lorcières,187,200,13
Laveissière,587,600,13
Vignolles,187,200,13
Ambleville,187,200,13
Lagarde-sur-le-Né,187,200,13
Lichères,87,100,13
Suris,287,300,13
Bords,1287,1300,13
Saint-Hilaire-de-Villefranche,1187,1200,13
Bagnizeau,187,200,13
Saint-Crépin,287,300,13
Farges-en-Septaine,987,1000,13
La Chapelle-Hugon,387,400,13
Roche-le-Peyroux,87,100,13
Millevaches,87,100,13
Saint-Angel,687,700,13
Soudeilles,287,300,13
Montigny-Saint-Barthélemy,87,100,13
Villeberny,87,100,13
Jours-lès-Baigneux,87,100,13
Courcelles-lès-Montbard,87,100,13
Noidan,87,100,13
Saint-Seine-en-Bâche,287,300,13
Essarois,87,100,13
Longeault,587,600,13
Mansat-la-Courrière,87,100,13
Saint-Dizier-les-Domaines,187,200,13
Saint-Dizier-Leyrenne,887,900,13
Chambonchard,87,100,13
Montaigut-le-Blanc,387,400,13
Coux-et-Bigaroque,987,1000,13
Saint-Seurin-de-Prats,487,500,13
La Chapelle-Saint-Jean,87,100,13
Saint-Vivien,287,300,13
Bulle,387,400,13
Dambelin,487,500,13
Blussans,187,200,13
Chaffois,887,900,13
Pouligney-Lusans,787,800,13
Vennans,187,200,13
Belleherbe,587,600,13
Vellevans,187,200,13
Veaunes,287,300,13
Bézaudun-sur-Bîne,87,100,13
Rousset-les-Vignes,287,300,13
Vaunaveys-la-Rochette,587,600,13
Dangu,587,600,13
La Croix-Saint-Leufroy,1087,1100,13
Jonquerets-de-Livet,287,300,13
Saint-Paul-de-Fourques,287,300,13
Épeautrolles,187,200,13
Lumeau,187,200,13
Roinville,387,400,13
Anduze,3287,3300,13
Salazac,187,200,13
Saint-Roman-de-Codières,187,200,13
Chambon,287,300,13
Saint-Dézéry,387,400,13
Saint-Aventin,87,100,13
Pin-Balma,887,900,13
Mondavezan,787,800,13
Couret,187,200,13
Coueilles,87,100,13
Montoulieu-Saint-Bernard,187,200,13
Galié,87,100,13
Samaran,87,100,13
Meilhan,87,100,13
Saint-Martin-Gimois,87,100,13
Laas,287,300,13
Saint-Jean-le-Comtal,387,400,13
Monlaur-Bernet,187,200,13
Armentieux,87,100,13
Tizac-de-Curton,287,300,13
Cessac,187,200,13
Goualade,87,100,13
Saint-Germain-d'Esteuil,1187,1200,13
Saint-Romain-la-Virvée,787,800,13
Marions,187,200,13
Mourens,387,400,13
Saint-Sériès,887,900,13
Castanet-le-Haut,187,200,13
Pierrerue,287,300,13
Le Crouais,487,500,13
Étrechet,887,900,13
Pérassay,387,400,13
La Roche-Clermault,487,500,13
Saint-Christophe-sur-le-Nais,1087,1100,13
Châtelus,87,100,13
Mottier,687,700,13
Le Gua,1887,1900,13
Chamagnieu,1487,1500,13
Mens,1387,1400,13
Saint-Nicolas-de-Macherin,887,900,13
Hays,287,300,13
Onoz,87,100,13
Chevigny,287,300,13
Bonnegarde,287,300,13
Brocas,787,800,13
Castelnau-Tursan,187,200,13
Le Vignau,487,500,13
Vouzon,1487,1500,13
Villexanton,187,200,13
Saint-Denis-sur-Loire,787,800,13
La Tuilière,287,300,13
Allègre,987,1000,13
Saint-Jean-d'Aubrigoux,187,200,13
Espalem,287,300,13
Nesploy,387,400,13
Morville-en-Beauce,187,200,13
Albiac,87,100,13
Concorès,287,300,13
Teyssieu,187,200,13
Felzins,387,400,13
Tauriac,387,400,13
Sabadel-Latronquière,87,100,13
Chapelle,87,100,13
Réaup-Lisse,587,600,13
Mongaillard,187,200,13
Saint-Sauveur-de-Flée,287,300,13
L'Hôtellerie-de-Flée,487,500,13
Le Lion-d'Angers,3687,3700,13
Bérigny,387,400,13
Morigny,87,100,13
Videcosville,87,100,13
La Mancellière-sur-Vire,487,500,13
Néville-sur-Mer,187,200,13
Le Mesnil-Eury,187,200,13
Gathemo,287,300,13
Granges-sur-Aube,187,200,13
La Chapelle-Lasson,87,100,13
Baslieux-sous-Châtillon,187,200,13
Valmy,287,300,13
Villers-aux-Bois,287,300,13
Venteuil,587,600,13
Hourges,87,100,13
Bettancourt-la-Longue,87,100,13
Coupéville,187,200,13
Connantray-Vaurefroy,187,200,13
Lafauche,87,100,13
Thilleux,87,100,13
Forcey,87,100,13
Lavernoy,87,100,13
Échenay,87,100,13
Soucé,187,200,13
Saint-Denis-de-Gastines,1687,1700,13
Montenay,1387,1400,13
Ambrières-les-Vallées,2787,2800,13
Richardménil,2487,2500,13
Ferrières,287,300,13
Mouacourt,87,100,13
Rambluzin-et-Benoite-Vaux,87,100,13
Vittarville,87,100,13
Lérouville,1487,1500,13
Rigny-la-Salle,387,400,13
Buléon,487,500,13
Béganne,1387,1400,13
Brignac,187,200,13
Monterrein,387,400,13
Juvelize,87,100,13
Chicourt,87,100,13
Aboncourt,387,400,13
Sturzelbronn,187,200,13
Volmerange-les-Mines,1987,2000,13
Trémery,1087,1100,13
Larochemillay,287,300,13
Saint-Benin-des-Bois,187,200,13
Dampierre-sous-Bouhy,487,500,13
Saint-Benin-d'Azy,1287,1300,13
Maretz,1487,1500,13
Wulverdinghe,287,300,13
Walincourt-Selvigny,2087,2100,13
Tourmignies,687,700,13
Saint-Vaast-en-Cambrésis,887,900,13
Cassel,2287,2300,13
Sepmeries,587,600,13
Beaurains-lès-Noyon,287,300,13
Montmacq,1087,1100,13
Saint-Arnoult,187,200,13
Bargny,287,300,13
Sérigny,387,400,13
Igé,687,700,13
Coudehard,87,100,13
Briouze,1587,1600,13
Rocquigny,287,300,13
Canlers,187,200,13
Conteville-en-Ternois,87,100,13
Hesdin-l'Abbé,1887,1900,13
Matringhem,187,200,13
Fontaine-lès-Boulans,87,100,13
Maresquel-Ecquemicourt,887,900,13
Giat,887,900,13
Chassagne,87,100,13
Chadeleuf,387,400,13
Anzat-le-Luguet,187,200,13
Lamontgie,587,600,13
Saint-André-le-Coq,487,500,13
Nébouzat,787,800,13
Busséol,187,200,13
Apchat,187,200,13
Audaux,187,200,13
Ayherre,987,1000,13
Barinque,587,600,13
Abos,487,500,13
Anères,187,200,13
Fenouillet,87,100,13
Matemale,287,300,13
Montbolo,187,200,13
Le Tech,87,100,13
Saint-Pierre,587,600,13
Ingolsheim,287,300,13
Ringeldorf,87,100,13
Steinbrunn-le-Haut,587,600,13
Falkwiller,187,200,13
Marcilly-d'Azergues,887,900,13
Saint-Romain-en-Gal,1687,1700,13
Dième,187,200,13
Le Tremblois,187,200,13
Auxy,987,1000,13
Taizé,187,200,13
Saint-Germain-en-Brionnais,187,200,13
Saunières,87,100,13
Céron,287,300,13
Chardonnay,187,200,13
La Bridoire,1187,1200,13
Venthon,587,600,13
Challes-les-Eaux,5087,5100,13
Chavannaz,187,200,13
Bellencombre,687,700,13
Esclavelles,387,400,13
Saint-Mards,187,200,13
La Chapelle-sur-Dun,187,200,13
Bosc-Bérenger,187,200,13
Thérouldeville,587,600,13
Bosc-Mesnil,287,300,13
Ronchois,187,200,13
Villenauxe-la-Petite,487,500,13
Brueil-en-Vexin,687,700,13
Ablis,3287,3300,13
Herbeville,287,300,13
Saint-Amand-sur-Sèvre,1287,1300,13
Mouflers,87,100,13
Guillaucourt,387,400,13
Villers-Bretonneux,4187,4200,13
Vraignes-lès-Hornoy,87,100,13
Chipilly,187,200,13
Assevillers,287,300,13
Le Mesge,187,200,13
Tilloy-Floriville,387,400,13
Montgey,287,300,13
Garrigues,287,300,13
Dourgne,1287,1300,13
Puéchoursi,87,100,13
Le Fraysse,387,400,13
Sérignac,487,500,13
Monbéqui,587,600,13
La Jonchère,387,400,13
Pineaux,587,600,13
Bourneau,787,800,13
Montmorillon,6387,6400,13
Chenevelles,487,500,13
Yversay,287,300,13
Oradour-Saint-Genest,387,400,13
Roziers-Saint-Georges,187,200,13
Jainvillotte,87,100,13
Biécourt,87,100,13
Saint-Romain-le-Preux,187,200,13
Seignelay,1587,1600,13
Talcy,87,100,13
Giromagny,3187,3200,13
Lassy,187,200,13
Bezons,27987,28000,13
Vétheuil,887,900,13
Cauro,1287,1300,13
Pouillat,88,100,12
Mantenay-Montlin,288,300,12
Niévroz,1488,1500,12
Valeins,88,100,12
Baulne-en-Brie,288,300,12
Merval,88,100,12
Soucy,88,100,12
Épaux-Bézu,588,600,12
Aisonville-et-Bernoville,288,300,12
Petit-Verly,188,200,12
Limé,188,200,12
Chaillevois,188,200,12
Chaudardes,88,100,12
Coyolles,388,400,12
Grandrieux,88,100,12
Voyenne,288,300,12
Theneuille,388,400,12
Braize,288,300,12
Valigny,388,400,12
Bessay-sur-Allier,1388,1400,12
Colmars,388,400,12
Savines-le-Lac,1088,1100,12
La Grave,488,500,12
Saint-Cyr,1288,1300,12
Sainte-Marie,88,100,12
Le Chesne,988,1000,12
Aussonce,188,200,12
Dommery,188,200,12
Rivèrenert,188,200,12
Orgeix,88,100,12
Champigny-sur-Aube,88,100,12
Chaumesnil,88,100,12
Avon-la-Pèze,188,200,12
Belvianes-et-Cavirac,288,300,12
Fenouillet-du-Razès,88,100,12
Bor-et-Bar,188,200,12
Cintheaux,188,200,12
La Vacquerie,288,300,12
Goustranville,188,200,12
Colomby-sur-Thaon,388,400,12
Saint-Philbert-des-Champs,688,700,12
Le Trioulou,88,100,12
Boutiers-Saint-Trojan,1388,1400,12
Haimps,488,500,12
Talmont-sur-Gironde,88,100,12
Saint-Bonnet-près-Bort,188,200,12
Pérols-sur-Vézère,188,200,12
Rosiers-de-Juillac,188,200,12
Saint-Broing-les-Moines,188,200,12
Massingy-lès-Vitteaux,88,100,12
Verdonnet,88,100,12
Thorey-sous-Charny,188,200,12
Bierre-lès-Semur,88,100,12
Orville,188,200,12
Gomené,588,600,12
Saint-Étienne-du-Gué-de-l'Isle,388,400,12
Le Haut-Corlay,688,700,12
Saint-Avit-de-Tardes,188,200,12
Gentioux-Pigerolles,388,400,12
Budelière,788,800,12
Chambon-Sainte-Croix,88,100,12
Saint-Géraud-de-Corps,188,200,12
Thoraise,288,300,12
Champoux,88,100,12
Vuillecin,588,600,12
Nans,88,100,12
Lavans-Quingey,188,200,12
Servin,188,200,12
Bérengeville-la-Campagne,288,300,12
Épreville-en-Lieuvin,188,200,12
Fours-en-Vexin,188,200,12
Bleury,488,500,12
Massillargues-Attuech,688,700,12
Dourbies,188,200,12
Saint-Paul-la-Coste,288,300,12
Boussens,1088,1100,12
Mane,988,1000,12
Termes-d'Armagnac,188,200,12
Sainte-Marie,388,400,12
Puylausic,188,200,12
Augnax,88,100,12
Queyrac,1388,1400,12
Gajac,388,400,12
Gans,188,200,12
Dieulivol,288,300,12
Le Fieu,488,500,12
Chauvigné,788,800,12
Vieux-Viel,288,300,12
Thenay,888,900,12
Montierchaume,1688,1700,12
Heugnes,388,400,12
Saint-Didier-de-Bizonnes,288,300,12
Mont-Saint-Martin,88,100,12
Beffia,88,100,12
Andelot-Morval,88,100,12
Carcarès-Sainte-Croix,488,500,12
Angoumé,288,300,12
Rahart,288,300,12
Rocé,188,200,12
Saint-Galmier,5588,5600,12
Virigneux,588,600,12
Champoly,288,300,12
Chomelix,488,500,12
Chambezon,88,100,12
Aubazat,188,200,12
Mouais,388,400,12
Jargeau,4488,4500,12
Moulon,188,200,12
Charsonville,588,600,12
Saint-Médard-Nicourby,88,100,12
Planioles,488,500,12
Saint-Robert,188,200,12
Le Perron,188,200,12
Saint-Laurent-de-Cuves,488,500,12
Gavray,1388,1400,12
Le Neufbourg,488,500,12
Rauville-la-Place,388,400,12
Précey,488,500,12
Saint-Maurice-en-Cotentin,288,300,12
Braux-Sainte-Cohière,88,100,12
Nesle-la-Reposte,88,100,12
Prouilly,588,600,12
Possesse,188,200,12
Clesles,588,600,12
Flavigny,188,200,12
Chaintrix-Bierges,288,300,12
Courlandon,288,300,12
Courcelles-en-Montagne,88,100,12
Trémilly,88,100,12
Aubepierre-sur-Aube,188,200,12
Montier-en-Der,2088,2100,12
Aprey,188,200,12
Outremécourt,88,100,12
Dommartin-le-Saint-Père,288,300,12
Gastines,188,200,12
Voutré,888,900,12
Pommerieux,688,700,12
Châtelain,488,500,12
Haudonville,88,100,12
Laronxe,388,400,12
Saint-Maurice-aux-Forges,88,100,12
Sainte-Geneviève,188,200,12
Essey-la-Côte,88,100,12
Couvertpuis,88,100,12
Laneuville-au-Rupt,188,200,12
Consenvoye,288,300,12
Seuzey,88,100,12
Vavincourt,488,500,12
Nançois-sur-Ornain,388,400,12
Val-d'Ornain,988,1000,12
Malestroit,2488,2500,12
Néant-sur-Yvel,988,1000,12
Lidrezing,88,100,12
Momerstroff,288,300,12
Kerbach,1188,1200,12
Garde,188,200,12
Landroff,288,300,12
Vannecourt,88,100,12
Imling,688,700,12
Suilly-la-Tour,588,600,12
Montapas,288,300,12
Devay,488,500,12
Armes,288,300,12
Ramillies,588,600,12
Wargnies-le-Petit,788,800,12
Wahagnies,2588,2600,12
Noordpeene,788,800,12
Rouville,288,300,12
Bornel,3588,3600,12
Mareuil-sur-Ourcq,1588,1600,12
Angicourt,1588,1600,12
Le Coudray-Saint-Germer,888,900,12
Le Mesnil-en-Thelle,2288,2300,12
Villotran,288,300,12
Saint-André-de-Briouze,188,200,12
Wierre-Effroy,788,800,12
Hulluch,3088,3100,12
Reclinghem,188,200,12
Lapugnoy,3288,3300,12
Radinghem,288,300,12
Conchy-sur-Canche,188,200,12
Saint-Josse,1188,1200,12
Haplincourt,188,200,12
Havrincourt,388,400,12
La Roche-Blanche,3188,3200,12
Ponson-Debat-Pouts,88,100,12
Agos-Vidalos,388,400,12
Vidou,88,100,12
Mertzwiller,3488,3500,12
Châtenois,4088,4100,12
Landersheim,188,200,12
Ostheim,1588,1600,12
Sérézin-du-Rhône,2488,2500,12
Saint-Jean-des-Vignes,388,400,12
Authoison,288,300,12
Menoux,288,300,12
Montarlot-lès-Rioz,288,300,12
Corre,588,600,12
Neuvy-Grandchamp,788,800,12
Bragny-sur-Saône,588,600,12
Baron,288,300,12
La Charmée,688,700,12
Uchizy,788,800,12
Ardenay-sur-Mérize,488,500,12
Notre-Dame-du-Pé,588,600,12
Pizieux,88,100,12
La Chapelle-du-Bois,888,900,12
Soulitré,688,700,12
Notre-Dame-du-Cruet,188,200,12
Saint-Colomban-des-Villards,188,200,12
Villargondran,988,1000,12
Beaussault,388,400,12
Saint-Paër,1188,1200,12
Déville-lès-Rouen,10188,10200,12
Villers-Écalles,1788,1800,12
Rainfreville,88,100,12
Aumale,2388,2400,12
Meulers,588,600,12
Écalles-Alix,488,500,12
Épouville,2788,2800,12
Saint-Martin-au-Bosc,188,200,12
Montgé-en-Goële,688,700,12
Jouarre,4188,4200,12
Saint-Sauveur-sur-École,1088,1100,12
Argentières,388,400,12
Chevru,1088,1100,12
Iverny,588,600,12
Montchauvet,288,300,12
Vert,788,800,12
Fenioux,688,700,12
Saurais,188,200,12
Clairy-Saulchoix,388,400,12
Port-le-Grand,288,300,12
Éclusier-Vaux,88,100,12
Carrépuis,288,300,12
Beaufort-en-Santerre,188,200,12
Esmery-Hallon,788,800,12
Corbie,6388,6400,12
Suzanne,188,200,12
Grandcourt,188,200,12
Beaumont-Hamel,188,200,12
Pissy,288,300,12
Payrin-Augmontel,2188,2200,12
Barthes,488,500,12
Queaux,588,600,12
Vellèches,388,400,12
Vouneuil-sur-Vienne,1988,2000,12
Cheissoux,188,200,12
Pont-lès-Bonfays,88,100,12
Jussarupt,288,300,12
Senaide,188,200,12
Juvaincourt,188,200,12
Ormes,288,300,12
Island,188,200,12
Chamoux,88,100,12
Beaumont,588,600,12
Dixmont,888,900,12
Mont-Saint-Sulpice,788,800,12
Épiais-lès-Louvres,88,100,12
Presles,3788,3800,12
Noisy-sur-Oise,688,700,12
Rospigliani,88,100,12
Olmi-Cappella,188,200,12
Pruno,188,200,12
Dompierre-sur-Chalaronne,389,400,11
Seraucourt-le-Grand,789,800,11
Fontaine-lès-Clercs,289,300,11
La Chapelle-Monthodon,189,200,11
Fontenelle,289,300,11
Épieds,389,400,11
Barenton-Bugny,589,600,11
La Ferté-Chevresis,589,600,11
Crécy-au-Mont,289,300,11
Buironfosse,1189,1200,11
Courchamps,89,100,11
Couvrelles,189,200,11
Hannapes,289,300,11
Marigny,189,200,11
La Chabanne,189,200,11
L'Hospitalet,89,100,11
Méreuil,89,100,11
Prunières,289,300,11
Guillaumes,689,700,11
Sécheras,489,500,11
Longwé,89,100,11
Cliron,289,300,11
Fligny,189,200,11
Margut,789,800,11
Moulis,789,800,11
Mauvezin-de-Prat,89,100,11
Coclois,189,200,11
Beurey,189,200,11
Lacroix-Barrez,489,500,11
Saint-Andiol,3189,3200,11
Ablon,1189,1200,11
Lénault,189,200,11
Putot-en-Bessin,389,400,11
Ouffières,189,200,11
Olendon,189,200,11
Repentigny,89,100,11
La Hoguette,689,700,11
Marolles,689,700,11
Saint-Louet-sur-Seulles,189,200,11
Trémouille,189,200,11
Soulages,89,100,11
Vebret,489,500,11
Taponnat-Fleurignac,1489,1500,11
Saint-Avit,189,200,11
Esse,489,500,11
Chantillac,289,300,11
Saint-Germain-de-Montbron,489,500,11
La Flotte,2889,2900,11
Saint-Georges-d'Oléron,3489,3500,11
Bussac-Forêt,989,1000,11
Saint-Germain-de-Marencennes,1189,1200,11
Genouillé,789,800,11
La Clisse,589,600,11
Ivoy-le-Pré,889,900,11
Léré,1189,1200,11
Vignols,589,600,11
Saint-Fréjoux,289,300,11
Montmoyen,89,100,11
Tart-le-Haut,1389,1400,11
Bouilland,189,200,11
Balot,89,100,11
Musigny,89,100,11
Villaines-en-Duesmois,289,300,11
Saint-Germain-le-Rocheux,89,100,11
Glomel,1389,1400,11
Moustéru,689,700,11
Plouaret,2189,2200,11
Magoar,89,100,11
Lépaud,389,400,11
Saint-Oradoux-de-Chirouze,89,100,11
Sannat,389,400,11
Monsac,189,200,11
Lusignac,189,200,11
Le Puy,89,100,11
Ronchaux,89,100,11
Corcelles-Ferrières,189,200,11
Chouzelot,289,300,11
Hautepierre-le-Châtelet,89,100,11
Venables,789,800,11
Quatremare,389,400,11
Chanteloup,89,100,11
Boissy-Lamberville,289,300,11
Villalet,89,100,11
Criquebeuf-sur-Seine,1189,1200,11
Saint-Arnoult-des-Bois,889,900,11
Dambron,89,100,11
Saint-Bénézet,289,300,11
Aigaliers,489,500,11
Arre,289,300,11
Saint-Ambroix,3389,3400,11
Baziège,3189,3200,11
Lécussan,289,300,11
Juzet-de-Luchon,389,400,11
Forgues,189,200,11
Plagne,89,100,11
Rouède,289,300,11
Manas-Bastanous,89,100,11
Caillavet,189,200,11
Castillon-Savès,289,300,11
Mauléon-d'Armagnac,289,300,11
Razengues,189,200,11
Montégut-Arros,289,300,11
Saint-André-et-Appelles,689,700,11
Néac,389,400,11
Saint-Ciers-de-Canesse,789,800,11
Beaufort,189,200,11
Soubès,889,900,11
Saint-Vincent-de-Barbeyrargues,689,700,11
Aumelas,489,500,11
Claret,1389,1400,11
Domloup,2989,3000,11
Saint-Malon-sur-Mel,589,600,11
Chassignolles,589,600,11
Pimorin,189,200,11
Péseux,289,300,11
Largillay-Marsonnay,189,200,11
Vielle-Tursan,289,300,11
Bégaar,1089,1100,11
Mant,289,300,11
Labastide-d'Armagnac,689,700,11
Saint-Hilaire-la-Gravelle,689,700,11
Chambon-sur-Cisse,689,700,11
La Ferté-Imbault,989,1000,11
Villechauve,289,300,11
Saint-Pierre-du-Champ,489,500,11
Assérac,1789,1800,11
Bougy-lez-Neuville,189,200,11
Courtemaux,289,300,11
Saint-Firmin-des-Bois,489,500,11
Aillant-sur-Milleron,389,400,11
Ondreville-sur-Essonne,389,400,11
Cahus,189,200,11
Lascabanes,189,200,11
Padirac,189,200,11
Terrou,189,200,11
Carennac,389,400,11
Labathude,189,200,11
Anthé,189,200,11
Calonges,589,600,11
Bédouès,289,300,11
Champ-sur-Layon,989,1000,11
Montreuil-sur-Maine,689,700,11
Saint-Germain-sur-Moine,2789,2800,11
Chaumont-d'Anjou,289,300,11
Joganville,89,100,11
Martinvast,1189,1200,11
Pirou,1589,1600,11
Le Mesnil-Adelée,189,200,11
Queudes,89,100,11
Festigny,389,400,11
Chamery,389,400,11
Germigny,189,200,11
Montmort-Lucy,589,600,11
Domremy-Landéville,89,100,11
Méral,1089,1100,11
Thorigné-en-Charnie,189,200,11
Vaudeville,189,200,11
Erbéviller-sur-Amezule,89,100,11
Anderny,289,300,11
Boncourt,189,200,11
Hannonville-Suzémont,289,300,11
Fontenoy-la-Joûte,289,300,11
Andilly,289,300,11
Neuville-lès-Vaucouleurs,189,200,11
Xivray-et-Marvoisin,89,100,11
Véry,89,100,11
Mognéville,389,400,11
Radenac,989,1000,11
Nelling,289,300,11
Heining-lès-Bouzonville,489,500,11
Riche,189,200,11
Mouterhouse,289,300,11
Hettange-Grande,7489,7500,11
Dannelbourg,489,500,11
Vielmanay,189,200,11
Saint-Martin-du-Puy,289,300,11
Livry,689,700,11
Bazolles,289,300,11
Wallon-Cappel,889,900,11
Haut-Lieu,389,400,11
Carnin,989,1000,11
Tilloy-lez-Cambrai,589,600,11
Beaucamps-Ligny,889,900,11
Preux-au-Sart,289,300,11
Gognies-Chaussée,789,800,11
Berneuil-en-Bray,789,800,11
Troussures,189,200,11
La Hérelle,189,200,11
Gerberoy,89,100,11
Campremy,389,400,11
Villers-Saint-Frambourg,589,600,11
La Neuville-d'Aumont,289,300,11
Ognolles,289,300,11
Rocquencourt,189,200,11
Beaudéduit,189,200,11
Boursonne,289,300,11
Airion,489,500,11
Saint-Symphorien-des-Bruyères,489,500,11
Coulimer,289,300,11
Saint-Ouen-de-Sécherouvre,189,200,11
Le Renouard,189,200,11
Hauterive,489,500,11
Le Ménil-Guyon,89,100,11
La Gonfrière,289,300,11
Fresnes-lès-Montauban,489,500,11
Anvin,789,800,11
Boiry-Saint-Martin,289,300,11
Gouves,189,200,11
Hannescamps,189,200,11
Merlimont,3089,3100,11
Créquy,489,500,11
Beauvoir-Wavans,389,400,11
Avesnes-le-Comte,2089,2100,11
Audinghen,589,600,11
Maintenay,389,400,11
Pionsat,1089,1100,11
Doazon,189,200,11
Taron-Sadirac-Viellenave,189,200,11
Cabidos,189,200,11
Castillon (Canton d'Arthez-de-Béarn),289,300,11
Bérenx,489,500,11
Villefranque,89,100,11
Saligos,89,100,11
Larroque,89,100,11
Steige,589,600,11
Niederhaslach,1389,1400,11
Rothau,1589,1600,11
Heiwiller,189,200,11
Toussieu,2389,2400,11
Faucogney-et-la-Mer,589,600,11
Vezet,189,200,11
Amblans-et-Velotte,389,400,11
Cresancey,189,200,11
Greucourt,89,100,11
Mancey,389,400,11
Mesvres,789,800,11
Boyer,689,700,11
Sillé-le-Philippe,1089,1100,11
Le Grez,389,400,11
Saint-Jean-d'Arves,289,300,11
Saint-Alban-des-Villards,89,100,11
Torcy-le-Petit,489,500,11
Douvrend,489,500,11
Drosay,189,200,11
Robertot,189,200,11
Sommesnil,89,100,11
Varneville-Bretteville,289,300,11
La Chaussée,489,500,11
Beauvoir,189,200,11
Chalautre-la-Grande,689,700,11
Saint-Méry,389,400,11
Messy,1089,1100,11
Houdan,3289,3300,11
Exoudun,589,600,11
Bessines,1589,1600,11
Oisemont,1189,1200,11
Villers-sous-Ailly,189,200,11
Boissezon,389,400,11
Montagudet,189,200,11
Léojac,1089,1100,11
Baudinard-sur-Verdon,189,200,11
Tourtour,589,600,11
Tiffauges,1489,1500,11
Chatain,289,300,11
Sérigny,289,300,11
Saint-Léger-de-Montbrillais,389,400,11
Ranton,189,200,11
Madegney,89,100,11
Thaon-les-Vosges,7989,8000,11
Dombasle-devant-Darney,89,100,11
Ramonchamp,1989,2000,11
Avranville,89,100,11
Brouvelieures,489,500,11
Rouvres-en-Xaintois,289,300,11
Barville,89,100,11
Vincelles,989,1000,11
Pontaubert,389,400,11
Collan,189,200,11
Fêche-l'Église,789,800,11
Génicourt,489,500,11
Chaumontel,3289,3300,11
Tavera,389,400,11
Pioggiola,89,100,11
Saint-Martin-le-Châtel,790,800,10
Noircourt,90,100,10
Tartiers,190,200,10
Raillimont,90,100,10
Dizy-le-Gros,790,800,10
Remigny,390,400,10
Fesmy-le-Sart,490,500,10
Vauxaillon,490,500,10
Luzoir,290,300,10
Augy,90,100,10
Saint-Palais,190,200,10
Domérat,8990,9000,10
Entrepierres,390,400,10
La Garde,90,100,10
Lambruisse,90,100,10
Montmorin,90,100,10
Ristolas,90,100,10
Villers-devant-le-Thour,390,400,10
La Horgne,190,200,10
Pouru-aux-Bois,290,300,10
Orlu,190,200,10
Seix,790,800,10
La Bastide-de-Besplas,390,400,10
Lentilles,90,100,10
Saint-Remy-sous-Barbuise,190,200,10
Saint-Martin-Lalande,1090,1100,10
Fonters-du-Razès,90,100,10
Escueillens-et-Saint-Just-de-Bélengard,190,200,10
La Capelle-Bleys,390,400,10
Tour-en-Bessin,590,600,10
Heuland,90,100,10
Sainte-Marguerite-des-Loges,190,200,10
Montamy,90,100,10
Hiéville,290,300,10
Périers-sur-le-Dan,490,500,10
Saint-Julien-sur-Calonne,190,200,10
Touffréville,290,300,10
Vitrac,290,300,10
Pleaux,1590,1600,10
Puyréaux,490,500,10
Saint-Germain-de-Confolens,90,100,10
Étriac,190,200,10
Gurat,190,200,10
Houlette,390,400,10
Turgon,90,100,10
Authon-Ébéon,390,400,10
Vailly-sur-Sauldre,790,800,10
Moustier-Ventadour,490,500,10
Soursac,490,500,10
Ménoire,90,100,10
Saint-Cirgues-la-Loutre,190,200,10
Bassignac-le-Bas,90,100,10
Montigny-Montfort,290,300,10
Sainte-Sabine,190,200,10
Voudenay,190,200,10
Athie,90,100,10
Griselles,90,100,10
Frénois,90,100,10
Quemperven,390,400,10
Croze,190,200,10
Ahun,1590,1600,10
Ribérac,4090,4100,10
Nouaille,990,1000,10
Audrix,290,300,10
Anlhiac,290,300,10
Coutures,190,200,10
Saint-Jean-d'Eyraud,190,200,10
Saint-Antoine-Cumond,390,400,10
Saint-Estèphe,590,600,10
Sainte-Croix,90,100,10
Mésandans,190,200,10
Montfort,90,100,10
Glamondans,190,200,10
Cademène,90,100,10
La Grange,90,100,10
Montrigaud,490,500,10
Saint-Restitut,1390,1400,10
Séderon,290,300,10
Normanville,1090,1100,10
Le Tronquay,490,500,10
Gadencourt,390,400,10
Berthouville,290,300,10
Guernanville,90,100,10
Saint-Philbert-sur-Risle,790,800,10
Neuvy-en-Beauce,190,200,10
Bailleau-Armenonville,1390,1400,10
Terminiers,990,1000,10
Lennon,790,800,10
Garlan,990,1000,10
Pleyben,3690,3700,10
Manduel,5690,5700,10
Saint-Alexandre,1090,1100,10
Brignemont,390,400,10
Grépiac,990,1000,10
Izotges,90,100,10
Simorre,690,700,10
Chélan,190,200,10
Castin,290,300,10
Arrouède,90,100,10
Mérignas,290,300,10
Salles-de-Castillon,390,400,10
Saint-Magne,990,1000,10
Noaillac,390,400,10
Tizac-de-Lapouyade,490,500,10
Asques,490,500,10
Saint-Geniès-de-Varensal,190,200,10
Chabris,2790,2800,10
Pussigny,190,200,10
Saint-Clair-du-Rhône,3890,3900,10
Seyssuel,1990,2000,10
Bressieux,90,100,10
Nans,90,100,10
Gendrey,390,400,10
Séligney,90,100,10
Dammartin-Marpain,290,300,10
Baume-les-Messieurs,190,200,10
Chatelay,90,100,10
Mauries,90,100,10
Gaas,490,500,10
Mugron,1390,1400,10
Vievy-le-Rayé,490,500,10
Le Gault-Perche,290,300,10
Châtres-sur-Cher,1090,1100,10
Saint-Marc-du-Cor,190,200,10
Essertines-en-Donzy,490,500,10
Chambœuf,1590,1600,10
Cezay,190,200,10
La Gresle,790,800,10
Amions,290,300,10
Agnat,190,200,10
Corbeilles,1490,1500,10
Cortrat,90,100,10
Mareau-aux-Prés,1290,1300,10
Isdes,590,600,10
Boësses,390,400,10
Parnac,390,400,10
Aynac,590,600,10
Lunegarde,90,100,10
Nadaillac-de-Rouge,190,200,10
Couthures-sur-Garonne,390,400,10
Frespech,290,300,10
Molezon,90,100,10
Saint-Georges-des-Gardes,1590,1600,10
Alleuds,890,900,10
Torfou,2090,2100,10
Neufmesnil,190,200,10
Saint-Martin-de-Landelles,1190,1200,10
Braffais,190,200,10
Périers,2390,2400,10
Valognes,7190,7200,10
Barbonne-Fayel,490,500,10
Bréban,90,100,10
Potangis,90,100,10
Saint-Hilaire-au-Temple,290,300,10
Villiers-aux-Corneilles,90,100,10
Châtillon-sur-Morin,190,200,10
Le Thoult-Trosnay,90,100,10
Noidant-Chatenoy,90,100,10
Neuvelle-lès-Voisey,90,100,10
Voisines,90,100,10
Haute-Amance,990,1000,10
Couesmes-Vaucé,390,400,10
Saint-Aignan-de-Couptrain,390,400,10
Francheville,290,300,10
Doncourt-lès-Longuyon,290,300,10
Friauville,390,400,10
Lagney,490,500,10
Méréville,1390,1400,10
Amenoncourt,90,100,10
Rambucourt,190,200,10
Liny-devant-Dun,190,200,10
Aulnois-en-Perthois,490,500,10
Lahaymeix,90,100,10
Lanouée,1690,1700,10
Boulange,2290,2300,10
Destry,90,100,10
Hertzing,190,200,10
Jolimetz,890,900,10
Étrœungt,1390,1400,10
Saint-Souplet,1290,1300,10
Beaulieu-les-Fontaines,590,600,10
Lormaison,1290,1300,10
Juvignies,290,300,10
Ressons-l'Abbaye,90,100,10
Nivillers,190,200,10
Thérines,190,200,10
Planches,190,200,10
Moulicent,290,300,10
Sainte-Céronne-lès-Mortagne,290,300,10
Brieux,90,100,10
Sailly-sur-la-Lys,4090,4100,10
Pihem,990,1000,10
Cherisy,290,300,10
Roclincourt,790,800,10
Bucquoy,1490,1500,10
Clarques,290,300,10
Hamblain-les-Prés,490,500,10
Enval,1390,1400,10
Saint-Jacques-d'Ambur,290,300,10
Dauzat-sur-Vodable,90,100,10
Vertolaye,590,600,10
Brassac-les-Mines,3290,3300,10
Parent,790,800,10
Roche-d'Agoux,90,100,10
Monpezat,90,100,10
Lasse,290,300,10
Larribar-Sorhapuru,190,200,10
Auriébat,290,300,10
Sarrancolin,590,600,10
Arbéost,90,100,10
Bourg-de-Bigorre,190,200,10
Hauban,90,100,10
Osséja,1490,1500,10
Port-Vendres,4290,4300,10
Durrenbach,1090,1100,10
Rangen,190,200,10
Buswiller,190,200,10
Traenheim,690,700,10
Tieffenbach,290,300,10
Collonges-au-Mont-d'Or,3790,3800,10
Choye,390,400,10
Port-sur-Saône,2990,3000,10
Montagny-sur-Grosne,90,100,10
Cordesse,190,200,10
Vendenesse-sur-Arroux,590,600,10
Plottes,590,600,10
Saint-Christophe-en-Brionnais,490,500,10
Donzy-le-National,190,200,10
Oyé,290,300,10
Beauvernois,90,100,10
Ménetreuil,390,400,10
Saint-Martin-d'Auxy,90,100,10
Crest-Voland,390,400,10
La Trinité,290,300,10
Sollières-Sardières,190,200,10
Montagny-les-Lanches,590,600,10
Le Grand-Bornand,2190,2200,10
Ambilly,5890,5900,10
Saint-Riquier-ès-Plains,590,600,10
Isneauville,2490,2500,10
Graimbouville,590,600,10
Montcourt-Fromonville,2090,2100,10
Lissy,190,200,10
Douy-la-Ramée,290,300,10
Chenoise,1290,1300,10
Bourdonné,490,500,10
Neauphlette,890,900,10
Clairefontaine-en-Yvelines,790,800,10
Driencourt,90,100,10
Camon,4590,4600,10
Francières,190,200,10
Neslette,90,100,10
Saint-Léger-lès-Authie,90,100,10
Creuse,190,200,10
Domqueur,290,300,10
Saint-Gauzens,790,800,10
Fauch,490,500,10
Lacabarède,290,300,10
Rivières,890,900,10
Landes-Genusson,2290,2300,10
Vouillé-les-Marais,690,700,10
Maillé,590,600,10
Lussac-les-Églises,490,500,10
Le Valtin,90,100,10
Harol,590,600,10
Ambacourt,290,300,10
Saint-Ouen-lès-Parey,490,500,10
Arches,1690,1700,10
Avillers,90,100,10
Savigny,190,200,10
Punerot,190,200,10
Zincourt,90,100,10
Saint-Gorgon,390,400,10
Saint-Germain-des-Champs,390,400,10
Venizy,890,900,10
Champcueil,2790,2800,10
Saint-Aubin,690,700,10
Menouville,90,100,10
Frémainville,490,500,10
Vaudherland,90,100,10
Évisa,190,200,10
Olmo,190,200,10
Lochieu,91,100,9
Saint-André-de-Corcy,2991,3000,9
Oncieu,91,100,9
Vésines,91,100,9
Blanzy-lès-Fismes,91,100,9
Commenchon,191,200,9
Cerseuil,91,100,9
Vregny,91,100,9
Nauroy,691,700,9
Septvaux,191,200,9
Gouy,591,600,9
Bourguignon-sous-Coucy,91,100,9
Viplaix,291,300,9
Deneuille-lès-Chantelle,91,100,9
Laféline,191,200,9
Murat,291,300,9
Allos,691,700,9
Avançon,391,400,9
Chauffayer,391,400,9
Peille,2291,2300,9
Montselgues,91,100,9
Saint-Cierge-sous-le-Cheylard,191,200,9
Lépron-les-Vallées,91,100,9
Saint-Pierremont,91,100,9
Moiry,191,200,9
Vernajoul,691,700,9
Rouze,91,100,9
Vals,91,100,9
Mijanès,91,100,9
Brie,191,200,9
Villiers-Herbisse,91,100,9
Molleville,91,100,9
Montfort-sur-Boulzane,91,100,9
Villarzel-Cabardès,191,200,9
La Capelle-Bonance,91,100,9
Mostuéjouls,291,300,9
Barbentane,3791,3800,9
Villiers-le-Sec,291,300,9
Le Détroit,91,100,9
Le Mesnil-Villement,291,300,9
Le Vey,91,100,9
Bretteville-sur-Odon,4091,4100,9
Allanche,891,900,9
Mainfonds,191,200,9
Échallat,491,500,9
Soubran,391,400,9
Culan,791,800,9
Bouzais,291,300,9
Saint-Germain-Lavolps,91,100,9
Saint-Yrieix-le-Déjalat,391,400,9
Viserny,191,200,9
Vougeot,191,200,9
Tailly,191,200,9
Flagey-lès-Auxonne,191,200,9
Bissey-la-Côte,91,100,9
Nan-sous-Thil,191,200,9
Liernais,591,600,9
Marigny-lès-Reullée,191,200,9
Vaux-Saules,191,200,9
Quemper-Guézennec,1091,1100,9
Saint-Carné,891,900,9
Saint-Cast-le-Guildo,3491,3500,9
Parsac,591,600,9
Féniers,91,100,9
Sainte-Marie-de-Chignac,591,600,9
Condat-sur-Trincou,491,500,9
Sainte-Eulalie-d'Ans,291,300,9
Saint-Pardoux-et-Vielvic,191,200,9
Orliaguet,91,100,9
Grèzes,191,200,9
Montbenoît,391,400,9
Étrappe,191,200,9
Eysson,91,100,9
Jallerange,191,200,9
Thise,3191,3200,9
Breconchaux,91,100,9
Crupies,91,100,9
La Laupie,691,700,9
Barils,191,200,9
Neuville-sur-Authou,191,200,9
Graveron-Sémerville,291,300,9
Le Cormier,391,400,9
Condé-sur-Iton,891,900,9
Illiers-l'Évêque,991,1000,9
Mondonville-Saint-Jean,91,100,9
La Mancelière,191,200,9
Charonville,291,300,9
Sandarville,391,400,9
Champseru,291,300,9
Marchéville,491,500,9
Leuhan,791,800,9
Mespaul,891,900,9
Mondilhan,91,100,9
Garidech,1591,1600,9
Flourens,1791,1800,9
Cazaux-Villecomtal,91,100,9
Castet-Arrouy,191,200,9
Courrensan,391,400,9
Langon,7391,7400,9
Civrac-de-Blaye,791,800,9
Pellegrue,991,1000,9
Villeneuve,391,400,9
Bassanne,91,100,9
Bourideys,91,100,9
Jonquières,391,400,9
Berlou,191,200,9
Cers,2191,2200,9
Rieussec,91,100,9
Saturargues,891,900,9
Coësmes,1391,1400,9
Chançay,1091,1100,9
Nouans-les-Fontaines,791,800,9
La Mure,5091,5100,9
L'Albenc,1091,1100,9
Bernin,2991,3000,9
Germigney,91,100,9
Le Fied,191,200,9
Chaux-des-Prés,191,200,9
Candresse,791,800,9
Bats,291,300,9
Saint-Michel-Escalus,291,300,9
Thoury,391,400,9
Ruan-sur-Egvonne,91,100,9
Périgny,191,200,9
Leigneux,391,400,9
Josat,91,100,9
Raucoules,891,900,9
Roche-en-Régnier,491,500,9
Aschères-le-Marché,1191,1200,9
Bucy-le-Roi,191,200,9
Rozoy-le-Vieil,391,400,9
Dry,1391,1400,9
Rudelle,191,200,9
Sainte-Colombe,191,200,9
Saint-Vincent-Rive-d'Olt,491,500,9
Saint-Pardoux-du-Breuil,591,600,9
Bourran,591,600,9
Lafitte-sur-Lot,791,800,9
Grez-Neuville,1491,1500,9
Varennes-sur-Loire,1891,1900,9
Saint-Martin-le-Bouillant,291,300,9
Digulleville,291,300,9
Montabot,291,300,9
Le Vézier,191,200,9
La Caure,91,100,9
Lagery,191,200,9
Poilly,91,100,9
Vauclerc,491,500,9
Melay,291,300,9
Condes,291,300,9
Verbiesles,291,300,9
La Haie-Traversaine,491,500,9
Saint-Aubin-du-Désert,291,300,9
Fontaine-Couverte,391,400,9
Ernée,5791,5800,9
Chevaigné-du-Maine,191,200,9
Saint-Martin-du-Limet,491,500,9
Domèvre-sur-Vezouze,291,300,9
Mont-le-Vignoble,391,400,9
Neuviller-lès-Badonviller,91,100,9
Essey-et-Maizerais,391,400,9
Cléry-le-Petit,191,200,9
Bure,91,100,9
Romagne-sous-Montfaucon,191,200,9
Béthelainville,191,200,9
Olizy-sur-Chiers,191,200,9
Ajoncourt,91,100,9
Maizières-lès-Vic,491,500,9
Foulcrey,191,200,9
Pettoncourt,291,300,9
Waldhouse,391,400,9
Berling,291,300,9
Viller,191,200,9
Wœlfling-lès-Sarreguemines,691,700,9
Harreberg,391,400,9
Monneren,391,400,9
Breistroff-la-Grande,591,600,9
Saint-Julien-lès-Metz,2991,3000,9
Ville-Langy,291,300,9
Curgies,1091,1100,9
Hestrud,291,300,9
Paillencourt,991,1000,9
Lynde,691,700,9
Neuville-en-Avesnois,291,300,9
Saint-Python,991,1000,9
Grande-Synthe,20991,21000,9
Auteuil,591,600,9
Ernemont-Boutavent,191,200,9
Saint-Martin-aux-Bois,291,300,9
Saint-Quentin-des-Prés,291,300,9
Heilles,591,600,9
Ressons-sur-Matz,1591,1600,9
La Baroche-sous-Lucé,391,400,9
Rémalard,1291,1300,9
Écorches,91,100,9
La Trinité-des-Laitiers,91,100,9
Hallines,1291,1300,9
Herbelles,491,500,9
Merck-Saint-Liévin,591,600,9
Moyenneville,291,300,9
Coquelles,2291,2300,9
Monchy-Cayeux,291,300,9
Sauchy-Cauchy,391,400,9
Dannes,1291,1300,9
Guisy,291,300,9
Tollent,91,100,9
Pressy,291,300,9
Vieil-Moutier,391,400,9
Chelers,291,300,9
Vaudricourt,891,900,9
Saint-Priest-des-Champs,691,700,9
Lisseuil,91,100,9
Uhart-Cize,691,700,9
Caubios-Loos,491,500,9
Garris,291,300,9
Anos,191,200,9
Ahaxe-Alciette-Bascassan,291,300,9
Lées-Athas,291,300,9
Souyeaux,291,300,9
Ayros-Arbouix,291,300,9
Ossen,191,200,9
Sauto,91,100,9
Gumbrechtshoffen,1191,1200,9
Thanvillé,591,600,9
Sermersheim,791,800,9
Birkenwald,291,300,9
Tagolsheim,691,700,9
Lapoutroie,1991,2000,9
Wildenstein,191,200,9
Valdieu-Lutran,391,400,9
Bellemagny,191,200,9
Jarnioux,591,600,9
Sarcey,891,900,9
Frasne-le-Château,291,300,9
Vitrey-sur-Mance,291,300,9
Culles-les-Roches,191,200,9
Varennes-sous-Dun,591,600,9
Mercurey,1291,1300,9
Cuiseaux,1791,1800,9
Fretterans,291,300,9
Saint-Martin-de-Lixy,91,100,9
Sigy-le-Châtel,91,100,9
Mayet,3191,3200,9
Ontex,91,100,9
Villard-Léger,491,500,9
Césarches,391,400,9
Sainte-Beuve-en-Rivière,191,200,9
Le Tilleul,691,700,9
Goderville,2891,2900,9
Ménerval,191,200,9
Roncherolles-sur-le-Vivier,1091,1100,9
Saint-André-sur-Cailly,891,900,9
Saint-Romain-de-Colbosc,3791,3800,9
Bosc-le-Hard,1491,1500,9
Nesle-Normandeuse,591,600,9
Bennetot,191,200,9
Saint-Sauveur-d'Émalleville,1191,1200,9
Everly,591,600,9
La Grande-Paroisse,2591,2600,9
Montigny-sur-Loing,2791,2800,9
Bazoches-sur-Guyonne,591,600,9
Limetz-Villez,1891,1900,9
Méricourt,391,400,9
Marigny,891,900,9
Fontenille-Saint-Martin-d'Entraigues,591,600,9
Ignaucourt,91,100,9
Beaucamps-le-Jeune,191,200,9
Ételfay,391,400,9
Bovelles,391,400,9
Maizicourt,191,200,9
Méricourt-sur-Somme,191,200,9
Peyrole,491,500,9
Génébrières,591,600,9
Faudoas,291,300,9
Saint-Benoît,6991,7000,9
Chaunay,1191,1200,9
Saint-Priest-sous-Aixe,1591,1600,9
Sainte-Marie-de-Vaux,191,200,9
Malaincourt,91,100,9
Xaronval,91,100,9
Rainville,291,300,9
La Petite-Fosse,91,100,9
Nayemont-les-Fosses,891,900,9
Maconcourt,91,100,9
Saint-Étienne-lès-Remiremont,3891,3900,9
Essegney,691,700,9
Bettoncourt,91,100,9
Derbamont,91,100,9
Foissy-sur-Vanne,291,300,9
Subligny,491,500,9
Piffonds,591,600,9
Lachapelle-sous-Chaux,691,700,9
Chamarande,1091,1100,9
Villiers-sur-Orge,3891,3900,9
Mespuits,191,200,9
Le Heaulme,191,200,9
Pietracorbara,591,600,9
Novella,91,100,9
Casabianca,91,100,9
Saint-Didier-de-Formans,1792,1800,8
Brénaz,92,100,8
Lapeyrouse,292,300,8
Anguilcourt-le-Sart,292,300,8
Orainville,492,500,8
Chevregny,192,200,8
Dohis,92,100,8
Landifay-et-Bertaignemont,292,300,8
Erlon,292,300,8
Aulnois-sous-Laon,1292,1300,8
Erloy,92,100,8
Besson,792,800,8
Bost,192,200,8
Billezois,392,400,8
Sorbier,292,300,8
Saint-Caprais,92,100,8
Saint-Laurent-du-Verdon,92,100,8
Sigoyer,92,100,8
La Javie,392,400,8
Saléon,92,100,8
Saint-Julien-le-Roux,92,100,8
Bidon,192,200,8
Logny-Bogny,192,200,8
Authe,92,100,8
Éteignières,492,500,8
Coulommes-et-Marqueny,92,100,8
Vaux-Villaine,192,200,8
L'Aiguillon,392,400,8
Boussenac,192,200,8
Saint-Pierre-de-Rivière,692,700,8
Ganac,692,700,8
Dampierre,292,300,8
Brillecourt,92,100,8
Vallentigny,192,200,8
Cormost,292,300,8
Orsans,92,100,8
Thaon,1492,1500,8
Pontécoulant,92,100,8
Le Marais-la-Chapelle,92,100,8
Lingèvres,492,500,8
Cricqueville-en-Bessin,192,200,8
Saint-Étienne-la-Thillaye,492,500,8
Vaux-sur-Seulles,292,300,8
Fierville-Bray,492,500,8
Pradiers,92,100,8
Sourniac,192,200,8
Polminhac,1092,1100,8
Adjots,492,500,8
Ardillières,792,800,8
Plassay,692,700,8
Saint-Julien-aux-Bois,492,500,8
Jailly-les-Moulins,92,100,8
Beire-le-Châtel,792,800,8
Couchey,1192,1200,8
Mimeure,292,300,8
Étais,92,100,8
Champagne-sur-Vingeanne,292,300,8
Échigey,292,300,8
Landébia,492,500,8
Plussulien,492,500,8
La Chèze,592,600,8
Plessix-Balisson,92,100,8
Dun-le-Palestel,1192,1200,8
Milhac-de-Nontron,592,600,8
Gabillou,92,100,8
Chalagnac,392,400,8
Saint-Martin-des-Combes,192,200,8
Bouteilles-Saint-Sébastien,192,200,8
Autechaux,392,400,8
L'Hôpital-Saint-Lieffroy,92,100,8
Rennes-sur-Loue,92,100,8
Charbonnières-les-Sapins,192,200,8
Mont-de-Laval,192,200,8
Arbouans,992,1000,8
Lizine,92,100,8
Beauregard-Baret,792,800,8
Génissieux,1992,2000,8
Le Fidelaire,992,1000,8
Plainville,192,200,8
Thevray,292,300,8
Farceaux,292,300,8
Beaubray,292,300,8
Janville,1792,1800,8
Frétigny,492,500,8
Beauche,292,300,8
Meslay-le-Grenet,292,300,8
Bolazec,192,200,8
Saint-Urbain,1492,1500,8
Massanes,192,200,8
Arbon,92,100,8
Gauré,492,500,8
Montgras,92,100,8
Beauchalot,492,500,8
Nizan-Gesse,92,100,8
Payssous,92,100,8
Bouzon-Gellenave,192,200,8
Marseillan,92,100,8
Maupas,192,200,8
Sère,92,100,8
Virsac,992,1000,8
Coutures,92,100,8
Marsas,1092,1100,8
Plans,292,300,8
Cassagnoles,92,100,8
Loupian,2092,2100,8
Redon,9592,9600,8
Saint-Germain-sur-Ille,892,900,8
Saint-Ouen-la-Rouërie,792,800,8
Villiers,192,200,8
Tendu,592,600,8
La Ferrière,292,300,8
Lieudieu,292,300,8
Bresson,692,700,8
Anjou,992,1000,8
Mièges,92,100,8
Courlans,992,1000,8
Offlanges,192,200,8
Bersaillin,392,400,8
Ponthoux,92,100,8
Courbouzon,592,600,8
Taxenne,92,100,8
Doye,92,100,8
Montigny-sur-l'Ain,192,200,8
Plumont,92,100,8
Annoire,392,400,8
Arsure-Arsurette,92,100,8
Belhade,192,200,8
Lahosse,292,300,8
Le Frêche,392,400,8
Monteaux,792,800,8
Villeherviers,492,500,8
Roches-l'Évêque,292,300,8
Pruniers-en-Sologne,2292,2300,8
Villiers-sur-Loir,1192,1200,8
Vérin,692,700,8
Cordelle,892,900,8
Blavozy,1592,1600,8
Saint-Paul-de-Tartas,192,200,8
Domeyrat,192,200,8
Villemoutiers,492,500,8
Lanzac,592,600,8
Capdenac,1092,1100,8
Villesèque,392,400,8
Flaujac-Gare,92,100,8
Sabadel-Lauzès,92,100,8
Saint-Étienne-de-Villeréal,292,300,8
Chambon-le-Château,292,300,8
Belvézet,92,100,8
Chastanier,92,100,8
Beausse,392,400,8
Saint-Léger-sous-Cholet,2492,2500,8
Villechien,192,200,8
Hambye,1192,1200,8
Hocquigny,192,200,8
Contrières,392,400,8
Raids,192,200,8
Muneville-sur-Mer,392,400,8
Benoîtville,592,600,8
Villiers-le-Pré,192,200,8
Baconnes,292,300,8
Thil,292,300,8
Saron-sur-Aube,292,300,8
Bagneux,492,500,8
Loisy-en-Brie,192,200,8
Treslon,192,200,8
Goncourt,292,300,8
Burthecourt-aux-Chênes,92,100,8
Selaincourt,192,200,8
Lenoncourt,592,600,8
Dolcourt,92,100,8
Art-sur-Meurthe,1292,1300,8
Froidos,92,100,8
Pagny-sur-Meuse,992,1000,8
Saint-Hilaire-en-Woëvre,192,200,8
Seigneulles,192,200,8
Ronvaux,92,100,8
Pleugriffet,1192,1200,8
Saint-Thuriau,1892,1900,8
Guermange,92,100,8
Gavisse,592,600,8
Saulny,1492,1500,8
Lesse,192,200,8
Diesen,1092,1100,8
Bezange-la-Petite,92,100,8
Ohain,1292,1300,8
Saint-Remy-Chaussée,492,500,8
Fontaine-au-Pire,1192,1200,8
Estaires,5992,6000,8
Lederzeele,592,600,8
Moyvillers,592,600,8
Éméville,292,300,8
Courtieux,192,200,8
Le Meux,1992,2000,8
Boissy-le-Bois,192,200,8
Beauvoir,292,300,8
Haute-Épine,292,300,8
Vaumoise,892,900,8
Rémécourt,92,100,8
Almenêches,692,700,8
Saint-Maurice-du-Désert,692,700,8
Coulonges-sur-Sarthe,492,500,8
Cisai-Saint-Aubin,192,200,8
Bernieulles,192,200,8
Frévin-Capelle,392,400,8
La Loge,192,200,8
Wailly-Beaucamp,992,1000,8
Hesdigneul-lès-Boulogne,692,700,8
Flers,192,200,8
Rougefay,92,100,8
Rœux,1392,1400,8
Châteauneuf-les-Bains,292,300,8
Cunlhat,1292,1300,8
Château-sur-Cher,92,100,8
Savennes,92,100,8
Lanne-en-Barétous,492,500,8
Sallespisse,592,600,8
Vialer,192,200,8
Lantabat,292,300,8
Aast,192,200,8
Séby,192,200,8
Sers,92,100,8
Saléchan,192,200,8
Bonrepos,192,200,8
Siradan,292,300,8
Mascaras,392,400,8
Sassis,92,100,8
Mosset,292,300,8
Finestret,192,200,8
Adamswiller,392,400,8
Rimsdorf,292,300,8
Hindisheim,1392,1400,8
Wintzenheim,7592,7600,8
Uffholtz,1592,1600,8
Gildwiller,292,300,8
Alix,692,700,8
Avrigney-Virey,392,400,8
Plancher-les-Mines,1092,1100,8
Provenchère,292,300,8
Venère,192,200,8
Fougerolles,3792,3800,8
Montjay,192,200,8
Serrières,292,300,8
Saint-Julien-de-Jonzy,292,300,8
Anost,692,700,8
Bussières,592,600,8
Serrigny-en-Bresse,192,200,8
Saint-Eusèbe,1092,1100,8
Baudrières,892,900,8
Sarcé,292,300,8
Motz,392,400,8
Bramans,392,400,8
Verel-de-Montbel,292,300,8
Grémonville,392,400,8
Fallencourt,192,200,8
Neuf-Marché,692,700,8
Ménonval,192,200,8
Theuville-aux-Maillots,492,500,8
Sigy-en-Bray,692,700,8
Fontaine-la-Mallet,2692,2700,8
Sasseville,292,300,8
Rétonval,192,200,8
Cocherel,592,600,8
Mousseaux-lès-Bray,692,700,8
Boisdon,92,100,8
Grandpuits-Bailly-Carrois,992,1000,8
Jumeauville,592,600,8
La Chapelle-Pouilloux,192,200,8
Le Boisle,392,400,8
Plachy-Buyon,892,900,8
Hénencourt,192,200,8
Colincamps,92,100,8
Alban,992,1000,8
Saint-Salvi-de-Carcavès,92,100,8
Mirabel,992,1000,8
Saint-Loup,492,500,8
Mouillac,92,100,8
Boudou,692,700,8
Saint-Sulpice-en-Pareds,392,400,8
La Jaudonnière,592,600,8
Brux,692,700,8
Condat-sur-Vienne,4692,4700,8
Brantigny,192,200,8
Estrennes,92,100,8
Longchamp-sous-Châtenois,92,100,8
Langley,192,200,8
Saint-Maurice-sur-Moselle,1492,1500,8
Bazien,92,100,8
Pargny-sous-Mureau,192,200,8
Grandrupt,92,100,8
Savigny-sur-Clairis,392,400,8
Sambourg,92,100,8
Tharot,92,100,8
Brosses,292,300,8
Denney,792,800,8
Rougemont-le-Château,1392,1400,8
Roinvilliers,92,100,8
Tralonca,92,100,8
Castirla,192,200,8
Santa-Lucia-di-Mercurio,92,100,8
Lurcy,393,400,7
Briord,893,900,7
Vieu-d'Izenave,693,700,7
Chavonne,193,200,7
Beaurieux,793,800,7
Grisolles,193,200,7
Rocquigny,393,400,7
Champs,293,300,7
Grand-Rozoy,293,300,7
Moÿ-de-l'Aisne,993,1000,7
Trosly-Loire,593,600,7
Neuville-Saint-Amand,893,900,7
Juvincourt-et-Damary,493,500,7
Chappes,193,200,7
Le Pin,393,400,7
Vachères,293,300,7
Mallemoisson,993,1000,7
Châteauredon,93,100,7
Lardier-et-Valença,293,300,7
Plats,793,800,7
Désaignes,1193,1200,7
Écordal,293,300,7
Chuffilly-Roche,93,100,7
Aiglemont,1593,1600,7
Massat,693,700,7
Sentenac-d'Oust,93,100,7
Péreille,193,200,7
Gourbit,93,100,7
Quié,293,300,7
Saint-Léger-sous-Brienne,393,400,7
Plaines-Saint-Lange,293,300,7
Maraye-en-Othe,493,500,7
Radonvilliers,393,400,7
Labastide-en-Val,93,100,7
Gaja-et-Villedieu,293,300,7
Bouisse,93,100,7
Donazac,93,100,7
Laprade,93,100,7
Laval-Roquecezière,293,300,7
Brommat,693,700,7
Tournemire,393,400,7
Rumesnil,93,100,7
Saint-Aubin-d'Arquenay,793,800,7
Putot-en-Auge,293,300,7
Saint-Charles-de-Percy,193,200,7
Ladinhac,493,500,7
Sauvat,193,200,7
Varzay,793,800,7
Chadenac,393,400,7
Saint-Eugène,293,300,7
Saint-Martin-d'Ary,493,500,7
Turenne,793,800,7
Objat,3593,3600,7
Albussac,693,700,7
Saint-Étienne-la-Geneste,93,100,7
Chevigny-en-Valière,293,300,7
Saint-Martin-de-la-Mer,293,300,7
Thury,293,300,7
Massingy-lès-Semur,193,200,7
Saint-Germain-lès-Senailly,93,100,7
Pont,93,100,7
Mosson,93,100,7
Trébédan,393,400,7
Saint-Quay-Portrieux,3093,3100,7
Plélauff,693,700,7
Landebaëron,193,200,7
Aucaleuc,893,900,7
Cladech,93,100,7
Creyssac,93,100,7
Amondans,93,100,7
Montgesoye,493,500,7
Hyèvre-Paroisse,193,200,7
Oye-et-Pallet,693,700,7
Chay,193,200,7
Salles-sous-Bois,193,200,7
Larnage,993,1000,7
Mirabel-et-Blacons,893,900,7
Vitot,493,500,7
Saint-Pierre-d'Autils,993,1000,7
Breuilpont,1193,1200,7
Saint-Ouen-des-Champs,293,300,7
Saint-Aubin-le-Guichard,293,300,7
Conches-en-Ouche,4993,5000,7
Faverolles,893,900,7
Locronan,793,800,7
Plouvien,3693,3700,7
Logonna-Daoulas,2093,2100,7
Fournès,893,900,7
Aspères,493,500,7
Allègre-les-Fumades,793,800,7
Tornac,893,900,7
Izaut-de-l'Hôtel,293,300,7
Blajan,493,500,7
Saint-Béat,393,400,7
Miramont-de-Comminges,793,800,7
Caignac,293,300,7
Cazeaux-de-Larboust,93,100,7
Mazères-sur-Salat,593,600,7
Auzas,193,200,7
Peyrouzet,93,100,7
Bagnères-de-Luchon,2593,2600,7
Terraube,393,400,7
Castelnau-d'Anglès,93,100,7
Caussens,593,600,7
Saint-Élix,193,200,7
Manent-Montané,93,100,7
Saint-Michel-de-Lapujade,193,200,7
Dardenac,93,100,7
Saint-Félix-de-Foncaude,293,300,7
Paillet,1193,1200,7
Babeau-Bouldoux,293,300,7
Montagnac,3593,3600,7
Saint-Hilaire-des-Landes,993,1000,7
Antrain,1393,1400,7
La Bazouge-du-Désert,1093,1100,7
Orsennes,793,800,7
Bommiers,293,300,7
Azay-sur-Cher,2993,3000,7
Bréhémont,793,800,7
Beaumont-en-Véron,2793,2800,7
Rovon,593,600,7
Saint-Michel-de-Saint-Geoirs,293,300,7
Veyssilieu,293,300,7
Mizoën,193,200,7
Saint-Blaise-du-Buis,993,1000,7
Chevrières,693,700,7
Vertamboz,93,100,7
Saint-Agnet,193,200,7
Oeyreluy,1593,1600,7
Saint-Étienne-d'Orthe,593,600,7
Oigny,93,100,7
Meslay,293,300,7
Faverolles-sur-Cher,1293,1300,7
Marlhes,1393,1400,7
La Fouillouse,4393,4400,7
Sainte-Eugénie-de-Villeneuve,93,100,7
Vernassal,393,400,7
Sermaises,1593,1600,7
La Bussière,793,800,7
Mézières-lez-Cléry,793,800,7
Lion-en-Sullias,393,400,7
Bondaroy,393,400,7
Creysse,293,300,7
Fons,393,400,7
Cras,93,100,7
Saint-Pastour,393,400,7
Armillac,193,200,7
Espiens,393,400,7
Magneville,293,300,7
Vaudrimesnil,393,400,7
Amfreville,293,300,7
Doville,293,300,7
Houtteville,93,100,7
Octeville-l'Avenel,193,200,7
Graignes-Mesnil-Angot,793,800,7
Braux-Saint-Remy,93,100,7
Brouillet,93,100,7
Cherville,93,100,7
Cramant,893,900,7
Fromentières,393,400,7
Sainte-Marie-à-Py,193,200,7
Baye,393,400,7
Jonquery,93,100,7
Istres-et-Bury,93,100,7
Saint-Hilaire-le-Petit,293,300,7
Leurville,93,100,7
Moulay,993,1000,7
La Chapelle-Rainsouin,393,400,7
Forcelles-sous-Gugney,93,100,7
Tanconville,93,100,7
Goviller,393,400,7
Frouard,6693,6700,7
Colmey,293,300,7
Sommelonne,493,500,7
Nantois,93,100,7
Landrecourt-Lempire,193,200,7
Pintheville,93,100,7
Sainte-Hélène,1093,1100,7
Guer,6193,6200,7
Rhodes,93,100,7
Valmunster,93,100,7
Foville,93,100,7
Vittoncourt,393,400,7
Lachambre,793,800,7
Empury,93,100,7
Roost-Warendin,6193,6200,7
Saint-Remy-du-Nord,1193,1200,7
Vendegies-au-Bois,493,500,7
Berlaimont,3193,3200,7
Varesnes,393,400,7
Trosly-Breuil,2093,2100,7
Courcelles-Epayelles,193,200,7
Éragny-sur-Epte,593,600,7
Mognéville,1493,1500,7
Saint-Maximin,2493,2500,7
La Ferrière-Bochard,693,700,7
Gauville,593,600,7
La Ferté-Frênel,693,700,7
Torchamp,293,300,7
Mortagne-au-Perche,4093,4100,7
Buire-le-Sec,793,800,7
Hénin-sur-Cojeul,493,500,7
Beutin,493,500,7
Ervillers,393,400,7
Liettres,293,300,7
Ficheux,493,500,7
Saint-Angel,393,400,7
Gerzat,10393,10400,7
Bagnols,493,500,7
Arget,93,100,7
Gabaston,593,600,7
Mendive,193,200,7
Bustince-Iriberry,93,100,7
Haux,93,100,7
Anhaux,293,300,7
Cieutat,593,600,7
Gensac,93,100,7
Saint-Créac,93,100,7
Py,93,100,7
Ansignan,193,200,7
Eschbourg,493,500,7
Wilwisheim,693,700,7
Uhrwiller,693,700,7
Thizy,2393,2400,7
Saint-Étienne-la-Varenne,693,700,7
Percey-le-Grand,93,100,7
Vanne,93,100,7
Coulevon,193,200,7
Pomoy,193,200,7
Vaivre-et-Montoille,2293,2300,7
Dettey,93,100,7
Saint-Marceau,493,500,7
Maisoncelles,193,200,7
Fontcouverte-la-Toussuire,593,600,7
Contamines-Montjoie,1193,1200,7
Contamine-sur-Arve,1593,1600,7
Cottévrard,393,400,7
Villers-sous-Foucarmont,193,200,7
Notre-Dame-de-Bliquetuit,693,700,7
Doudeauville,93,100,7
Barbey,193,200,7
Boitron,393,400,7
Féricy,593,600,7
Andelu,493,500,7
Saint-Christophe-sur-Roc,593,600,7
Saint-Martin-de-Bernegoue,793,800,7
Asnières-en-Poitou,193,200,7
Lucheux,593,600,7
Inval-Boiron,93,100,7
Grattepanche,293,300,7
Arry,193,200,7
Talmas,1093,1100,7
Wargnies,93,100,7
Saigneville,393,400,7
Vergies,193,200,7
Agenvillers,193,200,7
Rambures,393,400,7
Raincheval,293,300,7
Blangy-sous-Poix,193,200,7
Almayrac,293,300,7
Fraissines,93,100,7
Trévien,193,200,7
Missècle,93,100,7
Loubers,93,100,7
Saint-Amans-du-Pech,193,200,7
Comberouger,293,300,7
Le Revest-les-Eaux,3693,3700,7
Saint-Pierre-de-Vassols,493,500,7
Saint-Valérien,493,500,7
Chavagnes-les-Redoux,793,800,7
Barbâtre,1793,1800,7
Roiffé,693,700,7
Saint-Savin,893,900,7
Eyjeaux,1193,1200,7
Saint-Laurent-sur-Gorre,1393,1400,7
Grandvillers,693,700,7
Vexaincourt,193,200,7
Sainte-Colombe,193,200,7
Saints,593,600,7
Chaumot,693,700,7
Saint-Fargeau,1793,1800,7
Riervescemont,93,100,7
Charmois,293,300,7
Petitefontaine,193,200,7
Vayres-sur-Essonne,893,900,7
Écharcon,793,800,7
Tasso,93,100,7
Tox,93,100,7
Bolozon,94,100,6
Charix,294,300,6
Longpont,294,300,6
Le Catelet,194,200,6
Fontenoy,494,500,6
Malzy,194,200,6
Pierrepont,394,400,6
Saint-Christophe,494,500,6
Seuillet,494,500,6
Treban,394,400,6
Sauvagny,94,100,6
Mirabeau,494,500,6
Moriez,194,200,6
Champtercier,794,800,6
Oze,94,100,6
Saint-Clément-sur-Durance,294,300,6
Ribiers,794,800,6
Gilette,1494,1500,6
Aiglun,94,100,6
Saint-Péray,7294,7300,6
Yoncq,94,100,6
Chappes,94,100,6
Vendresse,494,500,6
Montmeillant,94,100,6
Herbeuval,94,100,6
Sainte-Vaubourg,94,100,6
Toges,94,100,6
Gabre,94,100,6
L'Hospitalet-près-l'Andorre,94,100,6
Biert,294,300,6
Bligny,194,200,6
Saint-Loup-de-Buffigny,194,200,6
Ricaud,294,300,6
Saint-Couat-d'Aude,394,400,6
Homps,694,700,6
Saint-Denis,494,500,6
Montclar,194,200,6
Murasson,194,200,6
Saint-Sernin-sur-Rance,694,700,6
Authieux-sur-Calonne,294,300,6
La Rocque,94,100,6
La Villette,194,200,6
Cormolain,394,400,6
Pierrepont,94,100,6
Saint-Laurent-du-Mont,194,200,6
Noyers-Bocage,1094,1100,6
Roucamps,194,200,6
Authie,1394,1400,6
Sainte-Marguerite-de-Viette,394,400,6
Poussy-la-Campagne,94,100,6
Courtonne-la-Meurdrac,694,700,6
Velzic,394,400,6
Sansac-de-Marmiesse,1294,1300,6
Marcillac-Lanville,594,600,6
Lessac,594,600,6
Courcerac,294,300,6
Blanzay-sur-Boutonne,94,100,6
La Vallée,694,700,6
Chanac-les-Mines,494,500,6
Madranges,194,200,6
Pothières,194,200,6
Villeneuve-sous-Charigny,94,100,6
Vernois-lès-Vesvres,194,200,6
Quincy-le-Vicomte,194,200,6
Lacanche,594,600,6
Étevaux,294,300,6
Collonges-lès-Bévy,94,100,6
Trédaniel,994,1000,6
Saint-Pierre-de-Fursac,794,800,6
Saint-Sébastien,694,700,6
Cantillac,194,200,6
Ginestet,794,800,6
La Chapelle-Faucher,394,400,6
Saint-Amand-de-Coly,394,400,6
Puymangou,94,100,6
Cercles,194,200,6
Saint-Crépin-d'Auberoche,294,300,6
Saint-Cernin-de-Labarde,194,200,6
Lavernay,594,600,6
Boussières,1094,1100,6
Écouis,794,800,6
Barquet,394,400,6
Dame-Marie,94,100,6
Marais-Vernier,494,500,6
Andé,1094,1100,6
Courville-sur-Eure,2794,2800,6
Cléden-Poher,1094,1100,6
Chamborigaud,794,800,6
Servas,194,200,6
Ners,694,700,6
Chein-Dessus,194,200,6
Sabonnères,294,300,6
Peyrissas,94,100,6
Le Plan,494,500,6
Beccas,94,100,6
Castex,94,100,6
Monbardon,94,100,6
Pébées,94,100,6
Aujan-Mournède,94,100,6
Pis,94,100,6
Ambès,2894,2900,6
Cazats,294,300,6
Lugaignac,394,400,6
Naujan-et-Postiac,494,500,6
Mouliets-et-Villemartin,1094,1100,6
Joncels,294,300,6
Verreries-de-Moussans,94,100,6
Murles,294,300,6
La Nouaye,294,300,6
Langan,894,900,6
Crevin,2594,2600,6
Châtillon-en-Vendelais,1694,1700,6
Jeu-les-Bois,394,400,6
Buzançais,4494,4500,6
Valençay,2594,2600,6
Meunet-Planches,194,200,6
Luant,1394,1400,6
Truyes,2094,2100,6
Charentilly,1094,1100,6
Autrèche,394,400,6
Luzillé,894,900,6
Sonzay,1294,1300,6
Pommier-de-Beaurepaire,694,700,6
La Motte-d'Aveillans,1794,1800,6
Bletterans,1394,1400,6
Chilly-sur-Salins,94,100,6
Nance,494,500,6
Champrougier,94,100,6
Picarreau,94,100,6
Marnézia,94,100,6
Souvigny-en-Sologne,494,500,6
Saint-Jacques-des-Guérets,94,100,6
Arcinges,194,200,6
Marclopt,494,500,6
Champdieu,1694,1700,6
Saint-Thurin,194,200,6
Saint-Laurent-la-Conche,594,600,6
Saint-Arcons-d'Allier,194,200,6
Beaux,794,800,6
Cerzat,194,200,6
Saint-Fiacre-sur-Maine,1194,1200,6
Paucourt,894,900,6
Nogent-sur-Vernisson,2594,2600,6
Auxy,994,1000,6
Saint-Paul-de-Vern,194,200,6
Saint-Cernin,194,200,6
Saint-Romain-le-Noble,394,400,6
Cahuzac,294,300,6
Poussignac,294,300,6
Pompogne,194,200,6
Saint-Eutrope-de-Born,694,700,6
Albaret-le-Comtal,194,200,6
Saint-Martin-d'Arcé,794,800,6
Montreuil-sur-Loir,494,500,6
Saint-Pois,494,500,6
Saint-Germain-de-Tournebut,394,400,6
Boisroger,194,200,6
Saint-Pellerin,394,400,6
Brouains,194,200,6
Urville,194,200,6
La Baleine,94,100,6
Moslins,294,300,6
Vauciennes,294,300,6
Crugny,594,600,6
Éclaires,94,100,6
Le Meix-Tiercelin,194,200,6
Saint-Léonard,94,100,6
Vraincourt,94,100,6
Semilly,94,100,6
Hallignicourt,294,300,6
Euffigneix,294,300,6
Saint-Laurent-des-Mortiers,194,200,6
Saint-Georges-Buttavent,1394,1400,6
Landécourt,94,100,6
Clayeures,194,200,6
Avillers,94,100,6
Braquis,94,100,6
Billy-sous-Mangiennes,394,400,6
Gestel,2594,2600,6
Guéhenno,794,800,6
Bazoncourt,494,500,6
Sarreinsming,1294,1300,6
Coin-sur-Seille,294,300,6
Longeville-lès-Saint-Avold,3794,3800,6
Bining,1194,1200,6
Richemont,1894,1900,6
Arthel,94,100,6
Bellaing,1194,1200,6
Lesquin,6394,6400,6
Zermezeele,194,200,6
Roucourt,394,400,6
Haynecourt,594,600,6
Le Quesnoy,4994,5000,6
Bellignies,894,900,6
Évricourt,194,200,6
Noroy,194,200,6
Le Déluge,494,500,6
Bitry,294,300,6
Saint-Maur,394,400,6
Saint-Hilaire-de-Briouze,294,300,6
Sept-Forges,294,300,6
Normandel,94,100,6
Livaie,194,200,6
Trescault,194,200,6
Mont-Bernanchon,1394,1400,6
Capelle-Fermont,194,200,6
Le Parcq,794,800,6
Tilloy-lès-Mofflaines,1394,1400,6
Morval,94,100,6
Orville,394,400,6
Neuf-Église,294,300,6
Le Monestier,194,200,6
Saint-Hilaire,194,200,6
Vielleségure,394,400,6
Suhescun,194,200,6
Arbouet-Sussaute,294,300,6
Vier-Bordes,94,100,6
Générest,94,100,6
Ségalas,94,100,6
Le Vivier,94,100,6
Ichtratzheim,294,300,6
Kienheim,594,600,6
Magny,294,300,6
Saint-Vérand,1094,1100,6
Froideconche,1994,2000,6
Pin,694,700,6
Laives,994,1000,6
La Vineuse,294,300,6
Dezize-lès-Maranges,194,200,6
Torpes,394,400,6
Charolles,2794,2800,6
Charrecey,294,300,6
Saint-Denis-d'Orques,894,900,6
Saint-Paul-le-Gaultier,294,300,6
Sainte-Osmane,194,200,6
Jauzé,94,100,6
Thorigné-sur-Dué,1594,1600,6
La Chapelle-Saint-Rémy,894,900,6
Vions,394,400,6
Saxel,394,400,6
La Vernaz,294,300,6
Saint-Gervais-les-Bains,5694,5700,6
Évires,1294,1300,6
Callengeville,494,500,6
Quevillon,594,600,6
Criquetot-sur-Longueville,194,200,6
Pommeréval,394,400,6
Neuville-Ferrières,594,600,6
Moulineaux,894,900,6
Beauvoir-en-Lyons,594,600,6
Villeroy,694,700,6
Saint-Rémy-la-Vanne,994,1000,6
Saint-Loup-de-Naud,894,900,6
Prunay-le-Temple,394,400,6
La Forêt-sur-Sèvre,2294,2300,6
Morvillers-Saint-Saturnin,394,400,6
Bernaville,1094,1100,6
Mouflières,94,100,6
Herbécourt,194,200,6
Bussy-lès-Poix,94,100,6
Saint-Mard,194,200,6
Peyregoux,94,100,6
Savoillan,94,100,6
Orches,394,400,6
Linards,1094,1100,6
Domjulien,194,200,6
Regney,94,100,6
Jorxey,94,100,6
Deycimont,294,300,6
Prey,94,100,6
Ancy-le-Franc,994,1000,6
Montréal,194,200,6
Domecy-sur-Cure,394,400,6
Gigny,94,100,6
Sant'Antonino,94,100,6
Calvi,5394,5400,6
Montagnieu,495,500,5
Parcieux,1095,1100,5
Gercy,295,300,5
Vichel-Nanteuil,95,100,5
Neuflieux,95,100,5
Anizy-le-Château,1895,1900,5
Étréaupont,895,900,5
Chouy,395,400,5
Lappion,295,300,5
Bucilly,195,200,5
Saint-Paul-aux-Bois,395,400,5
Nassigny,195,200,5
Urçay,295,300,5
Bresnay,395,400,5
Beuil,495,500,5
Le Bar-sur-Loup,2795,2800,5
Saint-Barthélemy-le-Plain,795,800,5
Laurac-en-Vivarais,895,900,5
Vocance,595,600,5
Vinzieux,395,400,5
Ajoux,95,100,5
Tourcelles-Chaumont,95,100,5
Doumely-Bégny,95,100,5
Ville-sur-Lumes,495,500,5
Villers-sur-le-Mont,95,100,5
Guignicourt-sur-Vence,295,300,5
Étalle,95,100,5
Bouvellemont,95,100,5
Grandchamp,95,100,5
Castex,95,100,5
Esplas,95,100,5
Sorgeat,95,100,5
Niaux,195,200,5
Troye-d'Ariège,95,100,5
Freychenet,95,100,5
Clermont,95,100,5
Saint-Aubin,595,600,5
Pont-sur-Seine,995,1000,5
Buchères,1395,1400,5
Villar-Saint-Anselme,95,100,5
Monze,195,200,5
Roullens,495,500,5
Coustouge,95,100,5
Escouloubre,95,100,5
Saint-Salvadou,395,400,5
Bonneville-sur-Touques,395,400,5
Bernesq,195,200,5
Saint-Jouin,195,200,5
Barou-en-Auge,95,100,5
Bretteville-sur-Dives,295,300,5
Cerqueux,95,100,5
Sainte-Croix-Grand-Tonne,295,300,5
Saint-Julien-de-Mailloc,495,500,5
Touques,3995,4000,5
Freix-Anglards,195,200,5
Sénezergues,195,200,5
Coulgens,495,500,5
Xambes,295,300,5
Pleuville,395,400,5
Puyrolland,195,200,5
Saint-Cyr-du-Doret,595,600,5
Dompierre-sur-Charente,495,500,5
Meux,295,300,5
Saint-Loup,295,300,5
Fouras,4095,4100,5
Sainte-Montaine,195,200,5
Jouet-sur-l'Aubois,1495,1500,5
Civray,995,1000,5
Saint-Hilaire-Taurieux,95,100,5
Savigny-sous-Mâlain,195,200,5
Marcilly-et-Dracy,95,100,5
Souhey,95,100,5
Aubaine,95,100,5
Pasques,295,300,5
Beneuvre,95,100,5
Bévy,95,100,5
Semur-en-Auxois,4195,4200,5
Plévin,795,800,5
Saint-Maudez,295,300,5
Lanmérin,495,500,5
Plumaugat,1095,1100,5
Saint-Priest-les-Fougères,395,400,5
Bassillac,1795,1800,5
Saint-Jory-de-Chalais,595,600,5
Saint-Aubin-de-Lanquais,295,300,5
La Rochebeaucourt-et-Argentine,395,400,5
Champagne-et-Fontaine,395,400,5
Thiviers,3095,3100,5
Savignac-de-Nontron,195,200,5
Péseux,95,100,5
Villars-sous-Dampjoux,395,400,5
Montmahoux,95,100,5
Loray,495,500,5
Montferrand-le-Château,2195,2200,5
Chaux-lès-Clerval,195,200,5
La Motte-Chalancon,395,400,5
Le Pègue,395,400,5
Beauvallon,1595,1600,5
Allex,2495,2500,5
Chanos-Curson,1095,1100,5
La Penne-sur-l'Ouvèze,95,100,5
Le Fresne,295,300,5
Honguemare-Guenouville,595,600,5
Vatteville,195,200,5
Le Manoir,1195,1200,5
Ailly,1095,1100,5
Luplanté,395,400,5
Jallans,795,800,5
Corancez,395,400,5
Ploudiry,895,900,5
Île-de-Sein,195,200,5
Molières-sur-Cèze,1595,1600,5
Montdardier,195,200,5
Cuguron,195,200,5
Gouzens,95,100,5
Arlos,95,100,5
Armous-et-Cau,95,100,5
Margouët-Meymes,195,200,5
Espaon,195,200,5
Escoussans,295,300,5
Saint-Genès-de-Castillon,395,400,5
Saint-Macaire,1995,2000,5
Sablons,1295,1300,5
Haux,795,800,5
Lacoste,295,300,5
Palavas-les-Flots,5995,6000,5
Nouvoitou,2895,2900,5
Neuvy-Saint-Sépulchre,1695,1700,5
Bagneux,195,200,5
Druye,895,900,5
Faye-la-Vineuse,295,300,5
La Celle-Guenand,395,400,5
Velanne,495,500,5
La Murette,1795,1800,5
Montagna-le-Templier,95,100,5
Chaînée-des-Coupis,195,200,5
Doucier,295,300,5
Chassal,495,500,5
Malange,295,300,5
Payros-Cazautets,95,100,5
Verdes,495,500,5
Semerville,95,100,5
Charlieu,3695,3700,5
Lavieu,95,100,5
Saint-Sixte,695,700,5
Bully,395,400,5
Le Brignon,595,600,5
Charraix,95,100,5
Saint-Étienne-Lardeyrol,695,700,5
Remouillé,1695,1700,5
Foucherolles,295,300,5
Saint-Sigismond,295,300,5
Saint-Laurent-Lolmie,195,200,5
Lacépède,295,300,5
Le Passage,9395,9400,5
Moulinet,195,200,5
Francescas,695,700,5
Recoules-de-Fumas,95,100,5
Salces,95,100,5
Saint-Georges-des-Sept-Voies,695,700,5
La Breille-les-Pins,595,600,5
Canteloup,195,200,5
Saint-Vigor-des-Monts,295,300,5
Montmirail,3795,3800,5
Pierre-Morains,95,100,5
Beaunay,95,100,5
Audeloncourt,95,100,5
Saint-Martin-lès-Langres,95,100,5
Domblain,95,100,5
Cerisières,95,100,5
Clinchamp,95,100,5
Briaucourt,195,200,5
Choiseul,95,100,5
Launay-Villiers,395,400,5
Izé,495,500,5
Villepail,195,200,5
Thiébauménil,395,400,5
Martincourt,95,100,5
Villers-le-Rond,95,100,5
Ville-en-Vermois,595,600,5
Gye,195,200,5
Foameix-Ornel,195,200,5
Ourches-sur-Meuse,195,200,5
Petit-Réderching,1495,1500,5
Pierrevillers,1495,1500,5
Frémestroff,295,300,5
Réchicourt-le-Château,595,600,5
Hottviller,595,600,5
Gouloux,195,200,5
Sainte-Marie,95,100,5
Saint-Martin-d'Heuille,595,600,5
Saint-Martin-sur-Nohain,395,400,5
Saint-André-en-Morvan,295,300,5
Avrée,95,100,5
Montreuillon,295,300,5
Maresches,895,900,5
Petit-Fayt,295,300,5
Villers-Sire-Nicole,995,1000,5
Hénonville,795,800,5
Ponchon,1095,1100,5
Blaincourt-lès-Précy,1195,1200,5
Versigny,395,400,5
Grandrû,295,300,5
Ons-en-Bray,1295,1300,5
Brégy,595,600,5
Angy,1195,1200,5
Breuil-le-Sec,2395,2400,5
Hainvillers,95,100,5
Catillon-Fumechon,595,600,5
Saint-Martin-l'Aiguillon,195,200,5
La Ferrière-au-Doyen,195,200,5
Canapville,195,200,5
La Lande-Patry,1795,1800,5
Moringhem,495,500,5
Attin,695,700,5
Rebreuve-Ranchicourt,1095,1100,5
Izel-lès-Hameau,695,700,5
Troisvaux,295,300,5
Fouquières-lès-Béthune,1095,1100,5
Neuville-Vitasse,495,500,5
La Monnerie-le-Montel,1995,2000,5
Mauzun,95,100,5
Saint-Genès-du-Retz,495,500,5
Pignols,295,300,5
Bellocq,895,900,5
Lasserre,95,100,5
Barzun,595,600,5
Ispoure,595,600,5
Sévignacq,695,700,5
Bédeille,195,200,5
Castagnède,195,200,5
Garde,495,500,5
Artagnan,495,500,5
Chis,295,300,5
Oms,295,300,5
Baillestavy,95,100,5
Lembach,1695,1700,5
Rittershoffen,895,900,5
Furchhausen,395,400,5
Wisches,2195,2200,5
Wintzenbach,595,600,5
Walbourg,795,800,5
Hœnheim,10495,10500,5
Zeinheim,195,200,5
Neuviller-la-Roche,395,400,5
Niederhausbergen,1295,1300,5
Rimbach-près-Masevaux,495,500,5
Bergheim,1895,1900,5
Attenschwiller,895,900,5
Sainte-Marie-aux-Mines,5495,5500,5
Roderen,895,900,5
Le Perréon,1395,1400,5
Bagnols,695,700,5
Trèves,695,700,5
Cenves,395,400,5
Beaumotte-Aubertans,495,500,5
Esmoulières,95,100,5
Vellexon-Queutrey-et-Vaudey,495,500,5
Nochize,95,100,5
Mont,195,200,5
Blèves,95,100,5
Bazouges-sur-le-Loir,1195,1200,5
Cogners,195,200,5
Rahay,195,200,5
Beaumont-Pied-de-Bœuf,495,500,5
Clarafond-Arcine,895,900,5
Nonglard,495,500,5
Ernemont-la-Villette,195,200,5
Norville,895,900,5
Touquin,1095,1100,5
Rampillon,795,800,5
Fontenay-Saint-Père,995,1000,5
Pas-de-Jeu,395,400,5
Frettemeule,295,300,5
Champien,295,300,5
Dominois,195,200,5
Sailly-Saillisel,495,500,5
Montonvillers,95,100,5
Bosquel,295,300,5
Licourt,395,400,5
Ailly-le-Haut-Clocher,895,900,5
Démuin,495,500,5
Goyencourt,95,100,5
Mesnil-Domqueur,95,100,5
Mareuil-Caubert,895,900,5
Conteville,195,200,5
Mazamet,9995,10000,5
Valence-d'Albigeois,1295,1300,5
Salles,195,200,5
Padiès,195,200,5
Aups,2095,2100,5
Saint-Germain-de-Prinçay,1495,1500,5
Maulay,195,200,5
Bussière-Galant,1395,1400,5
Gorre,395,400,5
Nantiat,1595,1600,5
Rehaupal,195,200,5
Bazoilles-sur-Meuse,595,600,5
Sauville,195,200,5
Prégilbert,195,200,5
Villeneuve-sur-Yonne,5295,5300,5
Dyé,195,200,5
Crain,395,400,5
Annoux,95,100,5
Varennes,295,300,5
Villon,95,100,5
Pont-sur-Vanne,195,200,5
Ballainvilliers,3795,3800,5
Courson-Monteloup,595,600,5
Cagnano,195,200,5
Aregno,595,600,5
Bisinchi,195,200,5
Boz,496,500,4
Bâgé-le-Châtel,796,800,4
Berzy-le-Sec,396,400,4
Chermizy-Ailles,96,100,4
Neuville-sur-Ailette,96,100,4
Seringes-et-Nesles,296,300,4
Morcourt,596,600,4
Dury,196,200,4
Pontavert,596,600,4
Neuvillette,196,200,4
Puisieux-et-Clanlieu,296,300,4
Courboin,296,300,4
Crépy,1896,1900,4
Montreuil-aux-Lions,1396,1400,4
Leschelle,296,300,4
Saint-Gérand-le-Puy,996,1000,4
Dauphin,796,800,4
Montfuron,196,200,4
Sanilhac,396,400,4
Guincourt,96,100,4
Son,96,100,4
Ménil-Annelles,96,100,4
Pailhès,396,400,4
Bernon,196,200,4
Jessains,296,300,4
Blaincourt-sur-Aube,96,100,4
Jully-sur-Sarce,296,300,4
Rennes-les-Bains,196,200,4
Montferrand,496,500,4
La Cassaigne,196,200,4
Villesèque-des-Corbières,396,400,4
Villarzel-du-Razès,96,100,4
Sylvanès,96,100,4
Valzergues,196,200,4
Saintes-Maries-de-la-Mer,2296,2300,4
Saint-Georges-en-Auge,96,100,4
Ryes,496,500,4
Martainville,96,100,4
Saint-Marcouf,96,100,4
Maisons,396,400,4
Verson,3596,3600,4
Meulles,396,400,4
Saint-Pierre-de-Mailloc,496,500,4
Canteloup,196,200,4
Condat,996,1000,4
Fridefont,96,100,4
Laurie,96,100,4
Verneuil,96,100,4
Grassac,296,300,4
Lamérac,196,200,4
Abzac,496,500,4
Péreuil,396,400,4
Vindelle,996,1000,4
Brettes,196,200,4
Macqueville,296,300,4
Pommiers-Moulons,196,200,4
Saint-Sornin,296,300,4
La Chapelle-Montlinard,496,500,4
Ménétréol-sous-Sancerre,396,400,4
Beddes,96,100,4
Neuville,196,200,4
Magny-lès-Aubigny,196,200,4
Forléans,96,100,4
Beire-le-Fort,296,300,4
Courtivron,196,200,4
Orain,96,100,4
Nolay,1496,1500,4
Diénay,296,300,4
Montot,196,200,4
Vielverge,496,500,4
Villey-sur-Tille,296,300,4
Saint-Caradec,1196,1200,4
Saint-Glen,596,600,4
Dontreix,396,400,4
Saint-Pardoux-les-Cards,296,300,4
Saint-Martin-le-Pin,296,300,4
Carsac-de-Gurson,196,200,4
Valeuil,396,400,4
Champagnac-de-Belair,696,700,4
Tallenay,396,400,4
Étrabonne,196,200,4
Sombacour,596,600,4
Bellecombe-Tarendol,96,100,4
Saint-Martin-en-Vercors,396,400,4
Beaumont-lès-Valence,3796,3800,4
Vraiville,596,600,4
Hébécourt,596,600,4
Amfreville-la-Campagne,896,900,4
Le Noyer-en-Ouche,196,200,4
Gommerville,596,600,4
Ymonville,496,500,4
Trizay-lès-Bonneval,296,300,4
Saint-Ségal,996,1000,4
Laz,696,700,4
Querrien,1696,1700,4
Vic-le-Fesq,396,400,4
Auriac-sur-Vendinelle,996,1000,4
Bordes-de-Rivière,496,500,4
Fougaron,96,100,4
Marignac-Laspeyres,196,200,4
Génos,96,100,4
Mont-d'Astarac,96,100,4
Betcave-Aguin,96,100,4
Ansan,96,100,4
Tourdun,96,100,4
Roquebrune,196,200,4
Saint-Côme,296,300,4
Cabara,396,400,4
Usclas-d'Hérault,296,300,4
Le Lou-du-Lac,96,100,4
Saint-Aigny,296,300,4
Montchevrier,496,500,4
Charnizay,496,500,4
Engins,496,500,4
Flachères,496,500,4
Merlas,496,500,4
Saint-Marcel-Bel-Accueil,1296,1300,4
Villard-Bonnot,7296,7300,4
Rouffange,96,100,4
Montain,496,500,4
Moussières,196,200,4
Chemilla,96,100,4
Villard-sur-Bienne,196,200,4
Asnans-Beauvoisin,696,700,4
Bonnefontaine,96,100,4
Castaignos-Souslens,396,400,4
Pey,696,700,4
Roquefort,1896,1900,4
Chaumont-sur-Tharonne,1096,1100,4
Saint-Laurent-des-Bois,296,300,4
Ambloy,196,200,4
Molineuf,796,800,4
La Fontenelle,196,200,4
Saint-Haon-le-Châtel,596,600,4
Saint-Bérain,96,100,4
Andonville,196,200,4
Montamel,96,100,4
Bagat-en-Quercy,196,200,4
Le Bourg,296,300,4
Reyrevignes,296,300,4
Thégra,496,500,4
Payrignac,696,700,4
Espeyroux,96,100,4
Vaillac,96,100,4
Limogne-en-Quercy,796,800,4
Thézac,196,200,4
Cocurès,196,200,4
Cerqueux-sous-Passavant,496,500,4
Noyant,1896,1900,4
La Chapelle-du-Genêt,1196,1200,4
Blaison-Gohier,1096,1100,4
Montguillon,196,200,4
La Feuillie,296,300,4
Fourneaux,96,100,4
Surville,196,200,4
Hardinvast,896,900,4
Tribehou,496,500,4
Villevenard,196,200,4
Fleury-la-Rivière,496,500,4
Leschères-sur-le-Blaiseron,96,100,4
Saint-Blin,396,400,4
Orbigny-au-Val,96,100,4
Frécourt,96,100,4
Aubérive,196,200,4
Thubœuf,296,300,4
Frémonville,196,200,4
Borville,96,100,4
Montenoy,396,400,4
Vallée,96,100,4
Chardogne,296,300,4
Mangiennes,396,400,4
Chaillon,96,100,4
Saint-Laurent-sur-Othain,496,500,4
Brillon-en-Barrois,596,600,4
Paroches,396,400,4
Billio,396,400,4
Plescop,4696,4700,4
Blies-Ébersing,596,600,4
Féy,596,600,4
Philippsbourg,596,600,4
Dornot,196,200,4
Domnom-lès-Dieuze,96,100,4
Ottange,2696,2700,4
Cervon,596,600,4
Brèves,296,300,4
Saint-Révérien,196,200,4
Wervicq-Sud,4696,4700,4
Thiennes,796,800,4
Faumont,2096,2100,4
Doignies,296,300,4
Prisches,996,1000,4
Rieux,1596,1600,4
Saint-Just-en-Chaussée,5496,5500,4
Wacquemoulin,296,300,4
Saint-Nicolas-des-Laitiers,96,100,4
Sibiville,96,100,4
Brêmes,1296,1300,4
Blangerval-Blangermont,96,100,4
Monchiet,96,100,4
Ligny-sur-Canche,196,200,4
Mazingarbe,7496,7500,4
Chocques,2996,3000,4
Orcines,3296,3300,4
Vichel,296,300,4
Pérignat-lès-Sarliève,2696,2700,4
Sarrance,196,200,4
Araujuzon,196,200,4
Thermes-Magnoac,196,200,4
Grézian,96,100,4
Liac,196,200,4
Laborde,96,100,4
Louey,996,1000,4
Natzwiller,596,600,4
Dambach,796,800,4
Rhinau,2696,2700,4
Rexingen,196,200,4
Uberach,1196,1200,4
Lutter,296,300,4
Illzach,14596,14600,4
Riedwihr,396,400,4
Urschenheim,696,700,4
Sentheim,1596,1600,4
Bibost,496,500,4
Lacenas,896,900,4
Rignovelle,96,100,4
Lyoffans,396,400,4
Villafans,196,200,4
Alaincourt,96,100,4
Framont,196,200,4
Saint-Forgeot,496,500,4
Poisson,596,600,4
Dommartin-lès-Cuiseaux,796,800,4
Bey,796,800,4
Champagnat,496,500,4
Ancinnes,896,900,4
Pincé,196,200,4
Vouvray-sur-Loir,796,800,4
Feissons-sur-Salins,196,200,4
Lornay,496,500,4
Sixt-Fer-à-Cheval,796,800,4
Ourville-en-Caux,1096,1100,4
Contremoulins,196,200,4
Heugleville-sur-Scie,596,600,4
Cideville,296,300,4
Saint-Laurent-en-Caux,796,800,4
Saint-Martin-le-Gaillard,296,300,4
Saint-Nicolas-de-la-Haie,396,400,4
Villy-sur-Yères,196,200,4
Butot,296,300,4
Longueville-sur-Scie,996,1000,4
Ancretteville-sur-Mer,196,200,4
Sablonnières,696,700,4
Villemareuil,396,400,4
Fontaine-Fourches,596,600,4
La Chapelle-la-Reine,2596,2600,4
Alleuds,296,300,4
Saint-Varent,2496,2500,4
Courtemanche,96,100,4
Aubigny,496,500,4
Martainneville,396,400,4
Saint-Germain-sur-Bresle,196,200,4
Dromesnil,96,100,4
Brocourt,96,100,4
Lacapelle-Ségalar,96,100,4
Brassac,1396,1400,4
Loupiac,396,400,4
Belcastel,196,200,4
Touffailles,396,400,4
Bargemon,1496,1500,4
Villes-sur-Auzon,1296,1300,4
Méthamis,396,400,4
Richerenches,696,700,4
Saint-Martin-Lars-en-Sainte-Hermine,396,400,4
Bourg-Archambault,196,200,4
Vicq-sur-Gartempe,696,700,4
Rochechouart,3796,3800,4
Forges,1996,2000,4
Remoncourt,596,600,4
Provenchères-sur-Fave,896,900,4
Vignes,96,100,4
Leval,196,200,4
Montsoult,3396,3400,4
Meria,96,100,4
Algajola,296,300,4
Saint-Georges-sur-Renon,197,200,3
Biziat,797,800,3
Gland,497,500,3
Osly-Courtil,297,300,3
Saint-Thomas,97,100,3
Beaumé,97,100,3
Saint-Prix,797,800,3
Saint-Voir,197,200,3
La Piarre,97,100,3
Ferres,97,100,3
Valderoure,397,400,3
Pierlas,97,100,3
Sainte-Agnès,1197,1200,3
Saint-Jeure-d'Andaure,97,100,3
Rochessauve,397,400,3
Faugères,97,100,3
Saint-Maurice-en-Chalencon,197,200,3
Saint-Privat,1597,1600,3
Saint-Barthélemy-Grozon,497,500,3
Gourdon,97,100,3
Cheminas,297,300,3
Saint-Sylvestre,497,500,3
Haudrecy,297,300,3
Auvillers-les-Forges,897,900,3
Brévilly,397,400,3
Blagny,1197,1200,3
Montigny-sur-Meuse,97,100,3
Sury,97,100,3
Méras,97,100,3
Roquefort-les-Cascades,97,100,3
Neuville-sur-Seine,397,400,3
Saint-Mesmin,897,900,3
Fontvannes,597,600,3
Ormes,197,200,3
Chappes,297,300,3
Arquettes-en-Val,97,100,3
Compolibat,397,400,3
Lacalm,197,200,3
Tarascon,13297,13300,3
Pierres,197,200,3
Ernes,297,300,3
Montigny,97,100,3
Sallen,297,300,3
La Bigne,197,200,3
Saint-Martin-de-Sallen,597,600,3
Mandailles-Saint-Julien,197,200,3
Chaliers,197,200,3
Laveissenet,97,100,3
Saint-Ciers-sur-Bonnieure,297,300,3
Saint-Laurent-des-Combes,97,100,3
Saint-Médard,297,300,3
Genté,897,900,3
Saint-Laurent-de-la-Barrière,97,100,3
L'Éguille,897,900,3
Échebrune,497,500,3
Sainte-Lheurine,497,500,3
Aumagne,697,700,3
Vénérand,697,700,3
Couargues,197,200,3
Beffes,697,700,3
Beyssac,697,700,3
Saint-Cernin-de-Larche,597,600,3
Lamazière-Basse,297,300,3
Saussy,97,100,3
Chaume-lès-Baigneux,97,100,3
Quemigny-Poisot,197,200,3
Véronnes,397,400,3
Agencourt,397,400,3
Morey-Saint-Denis,697,700,3
Vieux-Château,97,100,3
Villers-Patras,97,100,3
Magny-Lambert,97,100,3
Rouvres-sous-Meilly,97,100,3
Kerpert,297,300,3
Plouha,4597,4600,3
Troguéry,297,300,3
Taden,2297,2300,3
Créhen,1697,1700,3
Saint-Launeuc,197,200,3
Bazelat,297,300,3
Toulx-Sainte-Croix,297,300,3
Saint-Médard-de-Mussidan,1697,1700,3
Saint-Victor,197,200,3
Saint-Crépin-et-Carlucet,497,500,3
Port-Sainte-Foy-et-Ponchapt,2497,2500,3
Saint-Martin-de-Ribérac,697,700,3
Nailhac,297,300,3
Monsec,197,200,3
Ougney-Douvot,197,200,3
Rosières-sur-Barbèche,97,100,3
La Cluse-et-Mijoux,1197,1200,3
Vauclusotte,97,100,3
Osselle,397,400,3
Fleurey,97,100,3
Vuillafans,697,700,3
Glandage,97,100,3
Curnier,197,200,3
Mirmande,497,500,3
Saint-Sauveur-Gouvernet,197,200,3
Saint-Étienne-sous-Bailleul,397,400,3
Bosguérard-de-Marcouville,597,600,3
Ferrières-Saint-Hilaire,397,400,3
Brionne,4297,4300,3
Gouttières,197,200,3
Folleville,197,200,3
Saint-Ouen-de-Pontcheuil,97,100,3
Tourny,897,900,3
Rouvray-Saint-Florentin,197,200,3
La Chapelle-d'Aunainville,297,300,3
Méréglise,97,100,3
Favières,497,500,3
Fresnay-l'Évêque,697,700,3
Saint-Césaire-de-Gauzignan,297,300,3
Vabres,97,100,3
Montgaillard-de-Salies,97,100,3
Pouze,97,100,3
Montclar-Lauragais,197,200,3
Saint-Frajou,197,200,3
Malabat,97,100,3
Bétous,97,100,3
Sarraguzan,97,100,3
Sansan,97,100,3
Castelnau-Barbarens,497,500,3
Vergoignan,297,300,3
Lias-d'Armagnac,197,200,3
Saint-Loube,97,100,3
Bourg,2197,2200,3
Riocaud,197,200,3
Faleyras,397,400,3
Hure,497,500,3
Saint-Yzans-de-Médoc,397,400,3
Lignan-sur-Orb,2897,2900,3
Teillay,997,1000,3
Poilley,397,400,3
Pont-Péan,3697,3700,3
La Selle-en-Coglès,597,600,3
Langé,297,300,3
Meunet-sur-Vatan,197,200,3
Villiers-au-Bouin,797,800,3
Francueil,1297,1300,3
Le Grand-Pressigny,997,1000,3
La Bâtie-Divisin,897,900,3
Saint-Jean-d'Hérans,297,300,3
Serre-Nerpol,297,300,3
La Forteresse,297,300,3
Saint-Geoirs,497,500,3
Roybon,1297,1300,3
Salagnon,1197,1200,3
Sarcenas,197,200,3
Saint-Ondras,597,600,3
Bans,197,200,3
La Ferté,197,200,3
Darbonnay,97,100,3
Cauneille,797,800,3
Souprosse,997,1000,3
Mondoubleau,1497,1500,3
La Marolle-en-Sologne,397,400,3
Orchaise,897,900,3
Herbault,1197,1200,3
Françay,297,300,3
Cormenon,697,700,3
Saint-Étienne-des-Guérets,97,100,3
Landes-le-Gaulois,697,700,3
Poncins,897,900,3
Saint-Martin-d'Estréaux,897,900,3
Chilhac,197,200,3
Riotord,1197,1200,3
Javaugues,197,200,3
Soulvache,397,400,3
Gétigné,3397,3400,3
Puiseaux,3297,3300,3
Treilles-en-Gâtinais,297,300,3
Viglain,897,900,3
Saint-Projet,397,400,3
Marcilhac-sur-Célé,197,200,3
Lamothe-Cassel,97,100,3
Clermont-Dessous,797,800,3
Lalandusse,197,200,3
Saint-Nicolas-de-la-Balerme,397,400,3
Chauchailles,97,100,3
Trémont,397,400,3
Gatteville-le-Phare,497,500,3
Montcuit,197,200,3
Saint-Germain-sur-Ay,897,900,3
Saint-Martin-aux-Champs,97,100,3
Saint-Imoges,297,300,3
Isles-sur-Suippe,797,800,3
Corbeil,97,100,3
Baslieux-lès-Fismes,297,300,3
Heuilley-le-Grand,197,200,3
Vaux-sous-Aubigny,697,700,3
Villars-Santenoge,97,100,3
Levécourt,97,100,3
Bourg-Sainte-Marie,97,100,3
Nomécourt,97,100,3
Froncles,1597,1600,3
Lesbois,197,200,3
Neau,697,700,3
Germiny,197,200,3
Eulmont,997,1000,3
Tremblecourt,197,200,3
Grimonviller,97,100,3
Rumont,97,100,3
Ippécourt,97,100,3
Érize-Saint-Dizier,197,200,3
Tannois,397,400,3
Méligny-le-Grand,97,100,3
Sauzon,897,900,3
Belz,3497,3500,3
Ibigny,97,100,3
Donjeux,97,100,3
Insviller,197,200,3
Villing,497,500,3
Inglange,397,400,3
Niderhoff,297,300,3
Laneuveville-lès-Lorquin,97,100,3
Anzeling,497,500,3
Kirsch-lès-Sierck,297,300,3
La Nocle-Maulaix,297,300,3
Balleray,197,200,3
Saint-Amand-en-Puisaye,1297,1300,3
Murlin,97,100,3
Luthenay-Uxeloup,597,600,3
Tintury,197,200,3
Langeron,397,400,3
Marquette-lez-Lille,9797,9800,3
Audignies,297,300,3
Rues-des-Vignes,697,700,3
Hallennes-lez-Haubourdin,3997,4000,3
Boeschepe,2197,2200,3
Saint-Amand-les-Eaux,16697,16700,3
Craywick,597,600,3
Niergnies,497,500,3
Bailleul-sur-Thérain,2097,2100,3
Vignemont,397,400,3
Mortemer,197,200,3
Auneuil,2797,2800,3
Fléchy,97,100,3
Mory-Montcrux,97,100,3
Menus,197,200,3
Perrou,397,400,3
Saint-Jouin-de-Blavou,297,300,3
Labeuvrière,1697,1700,3
Airon-Notre-Dame,197,200,3
Sempy,297,300,3
Martinpuich,197,200,3
Prédefin,197,200,3
Érin,197,200,3
Grand-Rullecourt,397,400,3
Landrethun-lès-Ardres,697,700,3
Sainte-Agathe,197,200,3
Marsat,1197,1200,3
Rochefort-Montagne,897,900,3
Avèze,197,200,3
Mazaye,697,700,3
Saint-Germain-l'Herm,497,500,3
La Bastide-Clairence,997,1000,3
Lombia,197,200,3
Vielle-Adour,497,500,3
Arreau,797,800,3
Trouley-Labarthe,97,100,3
Saint-Marsal,97,100,3
Handschuheim,297,300,3
Erckartswiller,297,300,3
Bollwiller,3597,3600,3
Husseren-les-Châteaux,497,500,3
Hunawihr,597,600,3
Luemschwiller,697,700,3
Saint-Igny-de-Vers,597,600,3
Sainte-Colombe,1897,1900,3
Oiselay-et-Grachaux,397,400,3
Autoreille,297,300,3
Vouhenans,397,400,3
Cognières,97,100,3
Saint-Martin-Belle-Roche,1297,1300,3
Torcy,3097,3100,3
Vendenesse-lès-Charolles,797,800,3
Uchon,97,100,3
Germagny,197,200,3
Saint-Gengoux-de-Scissé,597,600,3
Beaumont-sur-Sarthe,2097,2100,3
Saint-Christophe-en-Champagne,197,200,3
Saint-Ouen-en-Champagne,197,200,3
Courgains,597,600,3
Chaufour-Notre-Dame,1097,1100,3
Villarlurin,297,300,3
Betton-Bettonet,297,300,3
Sainte-Hélène-du-Lac,697,700,3
Le Verneil,97,100,3
Cernex,897,900,3
Saint-Laurent-de-Brèvedent,1397,1400,3
Touffreville-sur-Eu,197,200,3
Mont-de-l'If,97,100,3
Saint-Pierre-Lavis,197,200,3
Lestanville,97,100,3
Bacqueville-en-Caux,1797,1800,3
Bourville,297,300,3
Sassetot-le-Malgardé,97,100,3
Raffetot,497,500,3
Saint-Germain-Laxis,497,500,3
Ury,797,800,3
Citry,797,800,3
Samois-sur-Seine,2097,2100,3
Soindres,597,600,3
Hargeville,397,400,3
Saint-Hilaire-la-Palud,1597,1600,3
Fresnoy-Andainville,97,100,3
Frausseilles,97,100,3
Serviès,597,600,3
Puybegon,597,600,3
Poupas,97,100,3
Rians,4197,4200,3
Artignosc-sur-Verdon,297,300,3
La Couture,197,200,3
Sainte-Cécile,1497,1500,3
Saint-Saviol,497,500,3
Saint-Gaudent,297,300,3
Morelmaison,197,200,3
Madonne-et-Lamerey,397,400,3
Rozerotte,197,200,3
Chermisey,97,100,3
Nossoncourt,97,100,3
Le Puid,97,100,3
Beauvilliers,97,100,3
La Chapelle-Vaupelteigne,97,100,3
Coulangeron,197,200,3
Taingy,297,300,3
Treigny,897,900,3
Villiers-Vineux,297,300,3
Thory,197,200,3
Éloie,997,1000,3
Orveau,197,200,3
Maudétour-en-Vexin,197,200,3
Poggiolo,97,100,3
Fozzano,197,200,3
Poggio-di-Venaco,197,200,3
Torcieu,698,700,2
Meillonnas,1298,1300,2
Montgobert,198,200,2
Courtemont-Varennes,298,300,2
Mesbrecourt-Richecourt,298,300,2
Soize,98,100,2
Royaucourt-et-Chailvet,198,200,2
Armentières-sur-Ourcq,98,100,2
La Ferté-Hauterive,298,300,2
Sussat,98,100,2
Couzon,298,300,2
Le Saix,98,100,2
Fouillouse,198,200,2
Freissinières,198,200,2
Sauze,98,100,2
Arcens,398,400,2
Saint-Étienne-de-Valoux,298,300,2
Jaujac,1198,1200,2
Fléville,98,100,2
Aouste,198,200,2
Gajan,298,300,2
Bethmale,98,100,2
Lacourt,198,200,2
Croûtes,98,100,2
Bossancourt,198,200,2
Ossey-les-Trois-Maisons,598,600,2
Montjardin,98,100,2
Feuilla,98,100,2
Ajac,198,200,2
Pech-Luna,98,100,2
Montséret,498,500,2
Albières,98,100,2
Saint-Félix-de-Sorgues,198,200,2
La Roque-Sainte-Marguerite,198,200,2
Belmont-sur-Rance,998,1000,2
Cricquebœuf,198,200,2
Fourneville,498,500,2
Molèdes,98,100,2
Riom-ès-Montagnes,2698,2700,2
Sauvignac,98,100,2
Vaux-Rouillac,298,300,2
Marignac,398,400,2
Boresse-et-Martron,198,200,2
Seigné,98,100,2
Saint-Hilaire-en-Lignières,498,500,2
La Celle-Condé,198,200,2
Saint-Christophe-le-Chaudry,98,100,2
Saint-Just,598,600,2
Laval-sur-Luzège,98,100,2
Spoy,298,300,2
Saint-Euphrône,198,200,2
La Roche-en-Brenil,898,900,2
Pagny-le-Château,498,500,2
Hauteville-lès-Dijon,1098,1100,2
Larrey,98,100,2
Marcilly-Ogny,198,200,2
Andel,1098,1100,2
Gurunhuel,398,400,2
Merléac,498,500,2
Trébrivan,698,700,2
Sagnat,198,200,2
Saint-Silvain-Bas-le-Roc,498,500,2
Saint-Léger-Bridereix,198,200,2
Ajain,1098,1100,2
Campsegret,398,400,2
Domme,998,1000,2
Saint-Félix-de-Reillac-et-Mortemart,198,200,2
Pouilley-les-Vignes,1898,1900,2
Bart,1898,1900,2
Dampierre-sur-le-Doubs,498,500,2
Belvoir,98,100,2
La Chevillotte,98,100,2
Accolans,98,100,2
Chamesol,398,400,2
Dammartin-les-Templiers,198,200,2
Souspierre,98,100,2
Épreville-près-le-Neubourg,498,500,2
Fontaine-l'Abbé,598,600,2
Quittebeuf,598,600,2
Garancières-en-Drouais,298,300,2
Montigny-le-Gannelon,498,500,2
Châtelets,98,100,2
Néron,598,600,2
Oysonville,498,500,2
Pré-Saint-Évroult,298,300,2
Sancheville,798,800,2
Dampierre-sous-Brou,498,500,2
Saint-Jean-Trolimon,998,1000,2
Plougoulm,1798,1800,2
Henvic,1298,1300,2
Saint-Dionisy,898,900,2
Bonnevaux,98,100,2
Saint-Martial,198,200,2
Saint-Côme-et-Maruéjols,798,800,2
Saint-Bonnet-de-Salendrinque,98,100,2
Canaules-et-Argentières,398,400,2
Lacaugne,198,200,2
Lourde,98,100,2
Sarremezan,98,100,2
Villaudric,1398,1400,2
Castelnau-Picampeau,198,200,2
Ardizas,198,200,2
Tournan,198,200,2
Noulens,98,100,2
Beaupuy,198,200,2
Bretagne-d'Armagnac,398,400,2
Monlezun,198,200,2
Verlus,98,100,2
Estipouy,198,200,2
Monlezun-d'Armagnac,198,200,2
Mudaison,2498,2500,2
Tresbœuf,1198,1200,2
Bléruais,98,100,2
Vignoc,1798,1800,2
Saint-Aubin,198,200,2
Restigné,1198,1200,2
Bourgueil,3898,3900,2
Saint-Hippolyte,598,600,2
Poliénas,1098,1100,2
Notre-Dame-de-Mésage,1198,1200,2
Saint-Appolinard,398,400,2
Saint-Christophe-sur-Guiers,798,800,2
Vosbles,98,100,2
Bourg-de-Sirod,98,100,2
Bergouey,98,100,2
Seyresse,798,800,2
Lencouacq,398,400,2
Sarbazan,1098,1100,2
Mazerolles,698,700,2
La Colombe,198,200,2
Artins,298,300,2
Saint-Claude-de-Diray,1698,1700,2
Suèvres,1498,1500,2
Cuzieu,1498,1500,2
Le Crozet,298,300,2
Bessey,398,400,2
Marols,398,400,2
Coutouvre,1098,1100,2
Lorette,4498,4500,2
Siaugues-Sainte-Marie,798,800,2
Valprivas,498,500,2
Ceyssac,398,400,2
Saint-Georges-Lagricol,498,500,2
Louisfert,898,900,2
Saint-Lyé-la-Forêt,1098,1100,2
Corn,198,200,2
Frayssinhes,198,200,2
Flaujac-Poujols,698,700,2
Sainte-Marthe,498,500,2
Saint-Martin-Curton,298,300,2
Saint-Léon,298,300,2
Saint-Astier,198,200,2
Brion,98,100,2
Saint-Germain-du-Teil,798,800,2
Noalhac,98,100,2
Cholet,54098,54100,2
Cizay-la-Madeleine,498,500,2
Anctoville-sur-Boscq,498,500,2
Tollevast,1198,1200,2
La Trinité,398,400,2
Sainte-Pience,298,300,2
Le Mesnil,198,200,2
Quinéville,298,300,2
Juilley,598,600,2
Vert-Toulon,298,300,2
Heiltz-l'Évêque,298,300,2
Vandeuil,198,200,2
Vaudemange,298,300,2
Blesme,198,200,2
Romigny,198,200,2
Rouffy,98,100,2
Bouvancourt,198,200,2
Jouy-lès-Reims,198,200,2
Parnoy-en-Bassigny,298,300,2
Bannes,398,400,2
Marcillé-la-Ville,798,800,2
Saint-Poix,398,400,2
Châtres-la-Forêt,798,800,2
Champéon,598,600,2
Hamonville,98,100,2
Saint-Mard,98,100,2
Bréhain-la-Ville,298,300,2
Germonville,98,100,2
Villette,198,200,2
Thumeréville,98,100,2
Abaucourt,298,300,2
Dieue-sur-Meuse,1398,1400,2
Gondrecourt-le-Château,1198,1200,2
Abainville,298,300,2
Maulan,98,100,2
Quéven,8798,8800,2
Danne-et-Quatre-Vents,598,600,2
Avricourt,698,700,2
Pommerieux,698,700,2
Odomez,898,900,2
Bachant,2398,2400,2
Quincampoix-Fleuzy,398,400,2
Séry-Magneval,298,300,2
Nampcel,298,300,2
Néry,698,700,2
Pronleroy,398,400,2
Neuilly-en-Thelle,3098,3100,2
Flavacourt,698,700,2
Vieux-Moulin,598,600,2
Sommereux,398,400,2
Milly-sur-Thérain,1698,1700,2
Ver-sur-Launette,1198,1200,2
Bursard,198,200,2
La Haute-Chapelle,598,600,2
Le Chalange,98,100,2
Saint-Hilaire-le-Châtel,698,700,2
Coulmer,98,100,2
Saint-Patrice-du-Désert,198,200,2
Le Châtellier,398,400,2
Aspres,698,700,2
Ceton,1898,1900,2
Autingues,298,300,2
Blairville,298,300,2
Beuvrequen,398,400,2
Aumerval,198,200,2
Auxi-le-Château,2898,2900,2
Saint-Maigner,198,200,2
Flat,498,500,2
Salles-Mongiscard,298,300,2
Méritein,298,300,2
Ostabat-Asme,198,200,2
Lée,1198,1200,2
Orsanco,98,100,2
Sedze-Maubecq,198,200,2
Ledeuix,998,1000,2
Oléac-Dessus,98,100,2
Campistrous,298,300,2
Trébons,698,700,2
Montferrer,198,200,2
Dalhunden,998,1000,2
Kogenheim,1098,1100,2
Mackwiller,598,600,2
Gunstett,698,700,2
Westhouse,1398,1400,2
Breitenbach,698,700,2
Geiswiller,198,200,2
Illhaeusern,698,700,2
Henflingen,198,200,2
Aubure,398,400,2
Liebenswiller,198,200,2
Ranspach-le-Haut,598,600,2
Wuenheim,798,800,2
Charbonnières-les-Bains,4698,4700,2
Saint-Nizier-d'Azergues,698,700,2
Longessaigne,598,600,2
Jons,1298,1300,2
Ronno,598,600,2
Écully,17998,18000,2
Citey,98,100,2
Échavanne,198,200,2
Arc-lès-Gray,2598,2600,2
Marly-sous-Issy,98,100,2
Saint-Bonnet-de-Joux,798,800,2
Mouthier-en-Bresse,398,400,2
Pressy-sous-Dondin,98,100,2
Cheilly-lès-Maranges,498,500,2
Bois-Sainte-Marie,198,200,2
Assé-le-Boisne,898,900,2
Dangeul,498,500,2
Évaillé,398,400,2
Doucy-en-Bauges,98,100,2
Taninges,3398,3400,2
Châtel,1198,1200,2
Saint-Sixt,898,900,2
Étercy,698,700,2
Belmesnil,498,500,2
Le Petit-Quevilly,21898,21900,2
Elbeuf-en-Bray,398,400,2
Saint-Martin-en-Campagne,1298,1300,2
Hugleville-en-Caux,398,400,2
Angerville-la-Martel,898,900,2
Turretot,1498,1500,2
Cély,1198,1200,2
Courtacon,198,200,2
Grisy-sur-Seine,98,100,2
Azay-sur-Thouet,1098,1100,2
Béceleuf,698,700,2
Bettembos,98,100,2
Rouvroy-en-Santerre,198,200,2
Laleu,98,100,2
Beaucourt-sur-l'Ancre,98,100,2
Grouches-Luchuel,598,600,2
Mézens,398,400,2
Cammazes,298,300,2
Durfort-Lacapelette,798,800,2
Bourg-de-Visa,398,400,2
Rasteau,798,800,2
La Tardière,1298,1300,2
Liglet,298,300,2
Lavausseau,798,800,2
Le Buis,198,200,2
Saint-Sylvestre,898,900,2
Cars,598,600,2
Parly,798,800,2
Amenucourt,198,200,2
Monthieux,599,600,1
Saint-Éloi,399,400,1
Chavornay,199,200,1
Arbigny,399,400,1
Moulins,99,100,1
Brenelle,199,200,1
Pavant,799,800,1
Étreillers,1199,1200,1
Saint-Bonnet-de-Four,199,200,1
Puy-Saint-Vincent,299,300,1
Saint-Genest-Lachamp,99,100,1
Brieulles-sur-Bar,199,200,1
Écly,199,200,1
Balaguères,199,200,1
Encourtiech,99,100,1
Siguer,99,100,1
Coursan-en-Othe,99,100,1
Avant-lès-Marcilly,499,500,1
Sauveterre-de-Rouergue,799,800,1
Bertholène,999,1000,1
Viala-du-Pas-de-Jaux,99,100,1
Aureille,1499,1500,1
Le Puy-Sainte-Réparade,5299,5300,1
Écrammeville,199,200,1
Le Breuil-en-Bessin,399,400,1
Le Mesnil-Patry,299,300,1
Commes,399,400,1
Le Tourneur,599,600,1
Saint-Pierre-du-Fresne,199,200,1
Molompize,299,300,1
La Chapelle,199,200,1
Saint-Même-les-Carrières,1099,1100,1
Fontclaireau,399,400,1
Juignac,399,400,1
Vaux-Lavalette,99,100,1
Auge-Saint-Médard,299,300,1
Cherves-Richemont,2399,2400,1
Challignac,299,300,1
Chaise,299,300,1
Gensac-la-Pallue,1599,1600,1
Allas-Bocage,199,200,1
Champdolent,399,400,1
Villemorin,99,100,1
Landrais,699,700,1
Saint-Loup-des-Chaumes,299,300,1
Saint-Léger-le-Petit,399,400,1
Saint-Baudel,299,300,1
Saint-Salvadour,299,300,1
Eygurande,699,700,1
Blaisy-Bas,699,700,1
Comblanchien,699,700,1
Grenant-lès-Sombernon,199,200,1
Flagey-Echézeaux,499,500,1
Civry-en-Montagne,99,100,1
Trouhaut,99,100,1
Plorec-sur-Arguenon,399,400,1
Bringolo,399,400,1
Yvignac-la-Tour,1199,1200,1
Vildé-Guingalan,1199,1200,1
Tréogan,99,100,1
Paule,699,700,1
Pabu,2799,2800,1
Néoux,299,300,1
Issoudun-Létrieix,299,300,1
Saint-Goussaud,199,200,1
Le Change,599,600,1
Corgnac-sur-l'Isle,799,800,1
Sainte-Innocence,99,100,1
Dussac,399,400,1
Bosset,199,200,1
La Sommette,199,200,1
Adam-lès-Passavant,99,100,1
Gennes,599,600,1
Goux-les-Usiers,699,700,1
Maisons-du-Bois-Lièvremont,599,600,1
Luc-en-Diois,499,500,1
Châteauneuf-de-Bordette,99,100,1
Bosgouet,599,600,1
Tournedos-sur-Seine,99,100,1
Courbépine,699,700,1
Cantiers,199,200,1
Lieurey,1399,1400,1
Mélicourt,99,100,1
Broglie,1099,1100,1
Asnières,299,300,1
Billancelles,299,300,1
Rueil-la-Gadelière,499,500,1
Vérigny,299,300,1
Saint-Goazec,699,700,1
Lamelouze,99,100,1
Colognac,199,200,1
Saint-Just-et-Vacquières,299,300,1
Labastide-Saint-Sernin,1799,1800,1
Gratens,699,700,1
Montpitol,399,400,1
Biran,399,400,1
Saint-Germé,499,500,1
Saint-André,99,100,1
Monclar,199,200,1
Saint-Avit-Frandat,99,100,1
Justian,99,100,1
Pavie,2399,2400,1
Campagne-d'Armagnac,199,200,1
Croignon,499,500,1
Mouillac,99,100,1
Sainte-Croix-du-Mont,899,900,1
Saint-Genis-du-Bois,99,100,1
Villetelle,1399,1400,1
Arboras,99,100,1
Plaissan,899,900,1
Néons-sur-Creuse,399,400,1
Sainte-Fauste,299,300,1
Sainte-Cécile,99,100,1
La Guerche,199,200,1
Notre-Dame-de-l'Osier,499,500,1
Sonnay,1299,1300,1
Chèzeneuve,499,500,1
Saint-Pierre-d'Allevard,2799,2800,1
Presles,99,100,1
Fétigny,99,100,1
Falletans,399,400,1
Prénovel,299,300,1
Gigny,299,300,1
Damparis,2799,2800,1
Villette-lès-Arbois,399,400,1
Syam,199,200,1
Conan,199,200,1
Marchenoir,699,700,1
Arçon,99,100,1
Salvizinet,599,600,1
Margerie-Chantagret,699,700,1
Saint-Gondon,1099,1100,1
Montcresson,1299,1300,1
Yèvre-la-Ville,699,700,1
Marcilly-en-Villette,1999,2000,1
Ingré,7899,7900,1
Milhac,199,200,1
Saint-Perdoux,199,200,1
Ambrus,99,100,1
Montagnac-sur-Auvignon,599,600,1
Sainte-Colombe-de-Duras,99,100,1
Sainte-Colombe-de-Peyre,199,200,1
Chanac,1399,1400,1
Saint-Laurent-de-la-Plaine,1699,1700,1
Grugé-l'Hôpital,299,300,1
Juigné-sur-Loire,2499,2500,1
Champs-de-Losque,199,200,1
Saint-Louet-sur-Vire,199,200,1
Saint-Germain-sur-Sèves,199,200,1
Villebaudon,299,300,1
Dragey-Ronthon,799,800,1
Dampierre-le-Château,99,100,1
Saint-Remy-sous-Broyes,99,100,1
Chouilly,999,1000,1
Germainvilliers,99,100,1
Mayenne,13299,13300,1
Diarville,499,500,1
Seranville,99,100,1
Lorey,99,100,1
Doncourt-lès-Conflans,1199,1200,1
Ogéviller,299,300,1
Vigneul-sous-Montmédy,99,100,1
Loison,99,100,1
Ancemont,599,600,1
Ugny-sur-Meuse,99,100,1
Abaucourt-Hautecourt,99,100,1
Kœur-la-Petite,299,300,1
Pleucadeuc,1799,1800,1
Kappelkinger,399,400,1
Maizery,199,200,1
Héming,499,500,1
Guinglange,299,300,1
Goetzenbruck,1699,1700,1
Créhange,3999,4000,1
Lemud,299,300,1
Mouron-sur-Yonne,99,100,1
Perroy,199,200,1
Bousies,1699,1700,1
Wignehies,3099,3100,1
Wallers-en-Fagne,299,300,1
Blargies,499,500,1
Formerie,2099,2100,1
Boran-sur-Oise,2099,2100,1
Passel,299,300,1
Landigou,499,500,1
Cormont,299,300,1
Beaudricourt,99,100,1
Fiefs,399,400,1
Grigny,299,300,1
Angres,3999,4000,1
Mentque-Nortbécourt,599,600,1
Wanquetin,699,700,1
Hernicourt,499,500,1
Teilhet,299,300,1
Saint-Quentin-sur-Sauxillanges,99,100,1
Fayet-Ronaye,99,100,1
Lussat,899,900,1
Arbérats-Sillègue,299,300,1
Larrau,199,200,1
Menditte,199,200,1
Arbus,1099,1100,1
Lalongue,199,200,1
Burgaronne,99,100,1
Sost,99,100,1
Séron,299,300,1
Lohr,499,500,1
Kurtzenhouse,999,1000,1
Ottmarsheim,1899,1900,1
Quincié-en-Beaujolais,1199,1200,1
Esprels,699,700,1
Conflandey,399,400,1
Betoncourt-lès-Brotte,99,100,1
Amance,699,700,1
Grattery,199,200,1
Hyet,99,100,1
Sercy,99,100,1
Saint-Bonnet-de-Vieille-Vigne,199,200,1
La Chapelle-sous-Dun,399,400,1
Saint-Jean-de-Vaux,399,400,1
Bordes,99,100,1
Mazille,399,400,1
Nogent-le-Bernard,899,900,1
Entremont-le-Vieux,599,600,1
Ayse,1999,2000,1
Saint-Gilles-de-Crétot,399,400,1
Ry,799,800,1
Étretat,1499,1500,1
Brémontier-Merval,499,500,1
Villainville,299,300,1
Anceaumeville,699,700,1
Saint-Aubin-le-Cauf,899,900,1
La Chapelle-Saint-Ouen,99,100,1
Blacqueville,599,600,1
Carville-Pot-de-Fer,99,100,1
Le Mesnil-Lieubray,99,100,1
Hautot-le-Vatois,299,300,1
Bosc-Hyons,399,400,1
Neufmoutiers-en-Brie,999,1000,1
Germigny-sous-Coulombs,199,200,1
Recloses,699,700,1
Poigny,499,500,1
Veneux-les-Sablons,4799,4800,1
Mitry-Mory,18499,18500,1
Morainvilliers,2399,2400,1
Vernouillet,9399,9400,1
Aigremont,1099,1100,1
Villefollet,199,200,1
Irais,199,200,1
Cersay,999,1000,1
Brie,199,200,1
Mézerolles,199,200,1
Quevauvillers,1099,1100,1
Bernes,299,300,1
Louvrechy,199,200,1
Le Cardonnois,99,100,1
Vadencourt,99,100,1
Naves,699,700,1
Le Masnau-Massuguiès,299,300,1
Saint-Vincent,299,300,1
Cayrac,499,500,1
Saint-Projet,299,300,1
Piquecos,399,400,1
Montgaillard,99,100,1
Artigues,199,200,1
Peypin-d'Aigues,599,600,1
Saint-Aubin-des-Ormeaux,1299,1300,1
Voulon,399,400,1
Craon,199,200,1
Ceaux-en-Loudun,599,600,1
Maisonneuve,299,300,1
Saint-Julien-le-Petit,299,300,1
Aroffe,99,100,1
Pierrefitte,99,100,1
Sartes,99,100,1
Claudon,199,200,1
Tannerre-en-Puisaye,299,300,1
Domecy-sur-le-Vault,99,100,1
Thorigny-sur-Oreuse,1499,1500,1
Courtois-sur-Yonne,799,800,1
Venouse,299,300,1
Neuvy-Sautour,999,1000,1
Argentenay,99,100,1
Druyes-les-Belles-Fontaines,299,300,1
Soumaintrain,199,200,1
Junay,99,100,1
Saint-Chéron,4799,4800,1
Gadancourt,99,100,1
Pigna,99,100,1
